12170408 108676013 108676013 0.0
12173105 110116554 110116554 710.23
12173173 110211337 110211337 79.41
12174723 108584797 108584797 34.22
12181761 110054778 110054778 137.84
12182746 110247790 108659754 1.89
12183144 108659754 110015611 75.44
12188941 110012286 110247790 806.33
12191211 110273135 110273135 146.34
12192644 109044156 109044156 75.22
12192762 110255684 110255684 0.0
12194378 109986896 109986896 248.36
12194939 110270526 110270526 193.61
12195740 110185009 110185009 0.0
24985452 271608323 271608323 123.81
24985460 271608398 271608398 14.02
24985469 271608401 271608401 6.93
24985481 271608556 302976560 371.05
24985482 271608563 271608577 44.74
24985546 271609295 271608560 15.23
24985555 271608562 271609259 78.25
24985559 271609320 271609346 16.53
24985563 271608563 271609375 28.57
24985568 271608569 271609434 49.16
24985573 271609296 271609460 72.52
24985584 271609255 271609552 101.05
24985598 271773312 271609753 338.74
24985601 271609753 271609795 51.58
24985616 271609753 271609952 147.75
24985622 271610057 271610104 123.47
24985630 271610104 271610057 97.48
24985643 271610057 271610341 277.84
24985662 271610341 271610567 193.0
24985680 271610567 271610680 15.5
24985686 271610745 271610875 85.0
24985691 271610875 271610680 107.79
24985697 271610681 271610341 107.04
24985706 271610337 271610745 122.62
24985714 271610745 271609952 125.33
24985715 271609952 271611345 67.85
24985723 271611345 271608577 139.8
24985737 271610104 271609952 34.44
24985743 271610875 271608577 4.78
24985744 271610681 271610745 119.19
24985745 271610680 271610681 2.3
24985751 271610567 271609112 257.31
24985753 271609112 271611679 53.22
24985792 271609231 271612367 149.89
24985852 271612484 271612318 17.08
24985855 271609229 271612502 21.36
24985858 271608924 271612683 90.21
24985861 271612690 271609228 54.03
24985866 271608933 271612707 59.62
24985875 271608494 271612792 50.96
24985879 271612771 271612820 13.58
24985899 271608522 271609294 148.53
24985902 271772234 271612978 57.13
24985904 271612976 271612990 10.23
24985908 271612988 271609259 33.95
24999438 271772095 271772095 93.71
24999447 271772336 271772339 30.78
24999463 271612927 271609270 30.38
24999484 271611046 271772789 27.42
24999516 271610159 271772899 42.69
24999533 271611345 271773312 95.37
24999663 271774915 271774915 0.0
24999686 271775449 271775479 56.86
24999687 271775598 271775449 131.45
24999707 271775765 271775844 59.41
24999716 271775844 271775883 0.56
24999718 271774952 1105125321 0.0
24999733 271775502 271776025 14.94
24999782 271776505 271776505 62.52
24999791 271776663 271776663 13.78
24999849 271777120 271777120 0.0
24999894 271777769 271777769 0.0
24999921 271777969 271777969 121.69
25000026 271778612 271778612 0.0
25000069 271779053 271779053 241.89
25528038 278206955 278358013 153.36
25528075 278207413 278207257 34.15
25528095 278207257 278207257 6.86
25528125 278793978 278207887 18.4
25528128 278207424 278207260 5.02
25528170 278359780 278221793 757.92
25528284 278208626 278208629 213.32
25528287 278208628 278208644 29.1
25528288 278208643 278208646 6.71
25528294 278208658 278208658 34.69
25528305 278208662 278208727 13.07
25528306 278208726 278208784 31.99
25528347 278208940 278208940 62.04
25528378 278209190 278209190 117.75
25528563 278211053 278211053 116.05
25528955 278215601 278215630 96.64
25529185 278220061 278220073 35.34
25529219 278220312 278220063 47.05
25529374 278220927 278220938 24.23
25529394 278218097 278221282 102.22
25529519 278222686 278222713 83.62
25529538 278222929 278222722 9.47
25529539 278222721 278222947 23.34
25529543 278222931 278222989 14.43
25529601 278657130 278657130 12.47
25529603 278223944 278223944 16.56
25529604 278223944 278223944 86.95
25529682 278215666 278224780 88.77
25529925 278227346 278227083 107.85
25529971 278227620 278227470 125.85
25530010 278227647 278227784 53.61
25530041 278228135 278228174 122.96
25530114 278228139 278297175 309.05
25530345 278230964 278230964 119.76
25530508 278233155 278233156 116.32
25530516 278233254 278233254 20.09
25530529 278234061 278233551 68.36
25530590 360481157 278234100 8.63
25530620 278234100 278233553 8.74
25530626 278234100 278234123 92.06
25530627 281577531 278548116 70.94
25530633 278234887 278234119 42.55
25530643 278233560 278235219 5.57
25530648 278234115 278234669 22.22
25530653 278235260 278234891 16.61
25530711 278242837 278419462 362.2
25530751 278237268 278238239 110.1
25530806 278240056 278239070 89.79
25530820 278239139 278239142 12.73
25530839 278239485 278239485 0.0
25530841 278237144 1428417217 139.05
25530875 278239057 278237180 36.7
25530896 278240753 278240753 4.69
25530936 278241833 278678273 0.0
25530977 278242837 278242847 38.68
25530997 278242847 278242938 26.91
25531026 278242857 278243374 52.36
25531032 278243543 278243544 10.81
25531038 278243374 278243777 42.17
25531156 278245304 278245327 89.08
25531160 278242837 278245411 124.53
25531168 278245321 278245390 48.56
25531228 278245385 278246186 62.36
25531238 278246182 278245382 33.16
25531241 278245386 278246180 46.07
25531258 278237118 278246814 33.11
25531266 278245389 278246814 29.05
25531335 278242856 278248468 330.44
25531512 278252147 278252153 20.13
25531545 278252555 278252571 116.92
25531556 278252151 278252564 9.95
25531558 278252565 278252149 20.82
25531562 278242856 278253165 452.22
25531588 278248468 278552234 151.91
25531593 278253165 278253178 18.86
25531601 278545709 278539142 165.6
25532275 278264616 278264624 195.8
25532289 278264657 278264843 25.54
25532294 278359006 656484483 125.54
25532296 278238239 656484484 16.29
25532299 278264985 278264657 73.57
25532301 278265092 278265312 8.56
25532303 278265385 278238230 50.96
25532308 278265581 278238239 26.27
25532309 278265393 278265588 26.08
25532311 279060008 278265642 13.92
25532699 278272139 278272139 84.09
25532750 278273559 278273562 4.03
25532754 278273604 278273604 2.8
25532755 278273629 278273629 4.13
25532801 278274520 278275056 159.19
25532810 278275058 360475996 12.66
25532820 282525147 278274306 17.8
25532845 278274520 278274533 24.36
25532895 278275042 649615160 20.94
25532914 278242288 280240873 107.58
25532916 278275045 279638730 14.01
25532934 278275003 278275749 50.78
25532937 278275762 278275790 7.1
25532971 278274533 360475996 38.26
25532982 278276254 278277164 189.52
25533071 278277241 278277443 34.93
25533238 278279082 278279287 99.06
25533285 278279686 278279688 27.05
25533298 278279804 278279805 5.48
25533316 279290315 278279805 8.11
25533415 278280296 278280958 62.2
25533418 278596958 279066976 145.66
25533426 278280430 278280444 29.43
25533427 278280302 278280438 39.92
25533473 278281030 278280444 36.39
25533491 278873843 278846136 136.63
25533492 278596641 278281241 17.17
25533499 278280958 278281261 24.42
25533512 278277441 278281785 19.85
25533518 278281564 278281784 91.76
25533522 278280952 278281785 39.25
25533528 278208314 278281934 112.04
25533531 278282001 278282019 44.39
25533549 278282194 278282007 15.85
25533570 278282530 278282531 0.0
25533571 278596555 278277443 15.35
25533588 278208474 278282702 6.98
25533592 278213680 278213671 71.12
25533620 278213190 278213651 35.51
25533640 278213185 278283644 151.05
25533649 278283817 278283830 21.88
25533656 278208059 278283951 9.37
25533726 278281773 278284275 10.91
25533732 278283817 278284325 39.43
25533779 278284817 278284822 8.35
25533842 278285907 278285917 18.55
25533931 278286103 278286113 25.3
25533983 278286536 278286550 37.41
25533988 278286546 279563953 16.95
25533991 278286687 278286759 94.46
25534000 278286792 278286797 12.42
25534026 278213682 278287008 33.35
25534039 278287100 278287104 9.01
25534125 278288188 1015040864 27.31
25534146 278294231 278294240 23.78
25534164 278288325 278288325 5.81
25534165 278288218 278288329 1.83
25534166 278288325 278288218 1.74
25534183 653929254 278288327 41.16
25534230 1334155950 278207424 29.65
25534238 278288594 278288831 1.21
25534240 278288422 278288595 1.21
25534246 278288973 278288973 4.33
25534249 278296705 278289128 169.3
25534250 278289147 649616563 10.42
25534251 278288973 649616607 0.88
25534320 278289388 278290216 133.86
25534376 278290948 278290776 26.41
25534377 278290770 278290795 26.41
25534387 278290773 278291067 107.56
25534410 278290946 278291058 56.96
25534418 278291046 278927861 62.85
25534430 278290792 278291200 24.85
25534443 278291473 278291511 27.15
25534463 278288326 278288325 2.14
25534481 278291591 278291711 28.1
25534503 278291722 278291887 62.5
25534523 278291591 278292002 43.09
25534528 278292042 278292042 5.53
25534532 278292046 1251806717 14.89
25534569 278292371 278292376 3.34
25534575 278292047 278292374 8.59
25534576 278292373 278292042 8.71
25534584 278292002 278292009 25.14
25534590 278292043 278292509 9.18
25534611 278292698 278292706 22.42
25534617 278292704 278291887 48.86
25534668 278292698 278290168 63.06
25534683 278292987 278293067 24.21
25534805 278294113 278294136 40.81
25534813 278294328 278294342 16.01
25534817 278288066 278288218 215.88
25534823 278294605 278294637 29.23
25534825 278294152 278294637 11.1
25534831 278294792 278294991 2.91
25534855 278294637 278295249 10.59
25534906 278206770 278295605 11.41
25535069 278289065 278297175 50.88
25541893 278357829 278357830 10.38
25541896 278357860 278357849 41.19
25541897 278357872 278357845 28.21
25541898 278357894 278357846 12.53
25541902 278357902 278357849 10.56
25541906 278357990 278358012 51.1
25541915 278358018 278358033 48.49
25541923 278358029 278358087 62.42
25541926 278657552 278358109 89.5
25541927 278358109 278358117 21.42
25541929 278358109 278289082 66.64
25541930 278357990 278358154 47.72
25541933 278358155 278358160 9.31
25541934 278358161 278854578 38.13
25541955 278228135 278358360 142.27
25541956 279131949 278358304 70.47
25541957 278358373 278358290 122.46
25541960 278358440 278358400 16.69
25541961 278358294 278289147 82.97
25541970 278358871 278358872 24.04
25541984 278358881 278358967 95.95
25541999 278289128 278358966 1.0
25542004 278358967 278359006 25.23
25542115 278359841 278359841 38.42
25542144 108552201 108552201 131.44
25542167 278237133 278360345 120.15
25545040 278405490 278228167 48.38
25545045 278405575 278405497 20.34
25545049 278405623 278405628 21.44
25545053 278405627 278405667 15.02
25545058 278228144 278405754 39.54
25545061 278405754 278405813 56.9
25545066 278228174 278406073 78.05
25545075 278227784 278406967 166.73
25545095 278406967 278658494 36.48
25545185 279065920 279289644 215.47
25545190 278408089 278408092 22.32
25545210 278408117 278408090 10.08
25545211 278408140 278408147 10.17
25545216 278408222 278408234 25.81
25545217 278296713 278408376 26.04
25545221 278296705 278408582 3.84
25545225 278408664 278408664 35.59
25545228 278408802 278408802 32.35
25545230 278408923 278408923 15.51
25545233 278289080 278409066 23.83
25545234 278409063 278409127 23.42
25545237 278409321 278409335 63.3
25545239 278409377 278409333 4.53
25545240 278409330 278409433 12.74
25545242 278409491 278409335 9.42
25545243 278409580 278409329 13.34
25545246 278409779 278409328 11.57
25545259 278410055 278357847 14.71
25545261 278410138 278358659 11.48
25545264 278410264 278358281 29.03
25545269 278405754 278410569 49.54
25545277 278227348 278410784 30.84
25545301 278411014 278411023 39.58
25545306 278411232 278227083 79.47
25545314 278873536 278411700 111.24
25545322 278412114 278286687 81.07
25545328 278412208 278286775 19.04
25545330 278412274 278412210 15.73
25545345 278276254 278412862 100.74
25545353 278412997 278413003 25.47
25545356 278413025 278413089 8.65
25545357 278413113 278413154 14.08
25545362 278413269 278413286 52.81
25545364 278413272 278413437 19.92
25545398 278222947 278413269 18.92
25545402 278222713 278221793 3.97
25545411 278414621 278221766 113.5
25545416 278414767 278414623 17.64
25545429 278414900 278414912 30.15
25545430 278415021 278415021 46.35
25545435 279301213 278415160 20.76
25545446 278679829 278415537 315.73
25545454 278415537 278598105 128.01
25545476 278416224 278416232 27.41
25545480 278416252 278416368 29.25
25545482 278416224 278416368 5.74
25545483 278416226 278416367 11.91
25545484 278416366 278416550 13.69
25545487 278360350 278416664 19.31
25545500 278360345 278677214 30.52
25545502 278417154 278417156 7.41
25545503 278417178 278417179 6.85
25545505 278417235 278417156 10.13
25545515 278239646 278417384 48.67
25545519 278417460 278417382 5.92
25545520 278417509 278417381 6.46
25545522 278417553 278417554 13.8
25545524 278417613 278417380 8.07
25545543 278417916 279294660 55.91
25545552 278237192 278418130 80.19
25545571 278418130 278418580 214.03
25545574 278418563 278418696 29.09
25545619 278418551 278419462 51.4
25545632 278419513 278419962 88.76
25545665 278420008 278420132 12.59
25545670 278420197 278420008 6.81
25545671 278289159 278420244 6.39
25545681 278289178 278359006 116.5
25545686 278272189 278420625 39.38
25545691 279061639 278420750 102.9
25545693 278289122 278420818 17.13
25545701 278358998 278420925 23.9
25545704 278420977 278289121 10.27
25545709 278421205 278421209 22.64
25545713 278421295 278237247 26.5
25545717 278237246 278421382 31.83
25545722 278237261 278421587 80.79
25545726 278421661 278237260 18.94
25545736 278237225 278421881 97.4
25545739 278237218 278422017 64.33
25545740 278418130 278422007 90.51
25545745 279294753 278422588 52.17
25545752 278237209 278422774 57.03
25545755 278237130 281577819 47.3
25545766 278422940 278234890 36.38
25545772 278237122 278423439 104.59
25545774 281579875 278423559 26.28
25545788 278423725 278423737 22.8
25545816 278424450 278424485 94.06
25545819 278424501 278424508 13.75
25545828 278424474 278677549 20.86
25545847 281530647 281530509 48.09
25545853 278425267 278425366 27.57
25545854 278425416 278425265 7.74
25545872 278425737 278425738 1.64
25545902 278425768 278425910 19.71
25545919 278425771 278426068 3.01
25545929 278425907 278426068 12.76
25545931 278426185 278425772 3.99
25545977 278426724 278426727 13.4
25545978 278426738 278426740 31.14
25545984 278426740 278859154 12.46
25546003 278426737 278426740 22.68
25546006 278426740 278426737 19.81
25546009 278426727 278426728 9.53
25546030 278427199 278215624 46.36
25546039 278224746 278215632 132.67
25546044 278428227 278428232 11.5
25546047 278428232 278636274 45.98
25546050 278428345 278427886 45.34
25546065 278224780 278428742 231.12
25546677 278242273 278437966 58.69
25546682 278437966 278438017 11.49
25546684 278438017 278438047 16.5
25546688 278438047 278438046 31.13
25546702 278438047 278438078 20.64
25546703 278438017 278438268 33.86
25546736 278437966 278424485 172.67
25551393 278494060 278494060 83.45
25551436 278494691 278494691 0.0
25551452 278289106 278494883 50.52
25551465 278289108 278494948 20.38
25551476 278495031 278359006 16.73
25551485 278208026 278495109 26.85
25551486 278495093 278495116 8.83
25551488 278495117 278495153 8.53
25551490 278495162 278495162 8.91
25551502 278495105 278495299 6.86
25551511 278495435 278495450 20.02
25551574 278207767 278359783 53.48
25551577 278498461 278495854 22.85
25551628 278496839 278496939 80.73
25551662 278425742 278497254 21.23
25551665 278497254 278497256 14.82
25551697 278498371 278498371 125.71
25551750 278498415 278498422 10.45
25551847 278495770 278498614 42.18
25551850 278498614 278498669 14.9
25551854 278498605 278498850 14.96
25551860 278498600 278499033 14.71
25551868 278498602 278499070 14.56
25551872 278499069 278499081 3.42
25551936 278499742 289145688 90.85
25551969 278500043 278500039 8.87
25551993 278500247 278500247 157.17
25552056 278425759 278501589 14.82
25552127 278954493 278426071 13.19
25552238 278248395 278504501 172.03
25552262 278504507 278504686 148.9
25552274 278504737 278504821 41.86
25552285 278504869 278254822 23.27
25552286 278254820 278504889 38.66
25552344 278505431 278505433 3.41
25552345 278248444 281571422 22.82
25552471 278506639 278426093 1.9
25552472 278506640 278506640 5.47
25552473 278426093 278506641 2.0
25552478 278506769 278958348 69.26
25552480 278506646 278506769 1.64
25552482 278506769 278506644 1.71
25552554 278508408 278508408 4.28
25552555 278508415 278358013 1.69
25552559 278358013 278508409 1.79
25552588 278508973 278600669 41.4
25552590 278508993 278509041 3.44
25552594 278509041 278508414 1.34
25552599 278508412 278509041 1.44
25553622 278523383 278527132 98.36
25553623 278523403 278523422 5.89
25553624 278523452 278930225 34.21
25553932 278527132 278527161 37.92
25553933 278527162 278527145 41.24
25553935 278527276 278527341 22.15
25554325 278533184 278533195 24.37
25554326 278533196 278533201 13.15
25554328 278256555 278533358 67.74
25554329 278533276 278533406 50.8
25554330 278533352 278533359 11.38
25554331 278533361 278533357 34.47
25554332 278533371 278533399 52.76
25554333 278533408 278533415 14.69
25554334 278681838 278523394 119.19
25554382 278564468 278527108 63.05
25554383 278533747 278533770 29.57
25554384 278533771 278533784 36.43
25554385 278533785 278533800 46.3
25554972 278929080 278538906 19.8
25554973 278538908 278538936 61.76
25554975 278538938 278538932 28.02
25554978 278538908 278539008 106.06
25554981 278539009 278539014 25.57
25554982 278539142 278253165 456.7
25554983 278539009 278564503 97.56
25554984 278539142 278545314 90.15
25554985 278539198 278539231 41.71
25555032 278539894 278539894 7.4
25555033 278539898 278539898 12.64
25555034 278539902 278539902 6.04
25555384 278288210 278543805 41.49
25555388 278543821 278543824 51.23
25555407 278288209 278288195 75.28
25555430 278544118 278544191 18.06
25555436 278544115 278544374 36.09
25555470 278288198 278544481 18.99
25555508 278544106 278544722 106.43
25555525 278292981 278544772 23.36
25555535 278544843 278544862 47.34
25555541 278544772 278544897 10.67
25555542 278544898 278544772 16.52
25555554 282505223 278290171 66.08
25555599 278539202 278545469 120.64
25555600 278539201 278545461 114.19
25555601 278545502 278545515 18.26
25555602 278545517 278545524 8.54
25555603 278545525 278545525 9.47
25555604 278545402 278545568 40.38
25555605 278545570 278545600 33.46
25555606 278545565 278552691 111.82
25555607 278545594 278545603 2.82
25555608 278545604 278545614 15.64
25555610 278545615 278552793 48.7
25555611 278564603 278545633 33.64
25555612 278578056 278545709 87.02
25555613 278545711 278545711 10.71
25555614 278545716 278545716 9.38
25555615 278545721 278545721 9.47
25555731 278546886 278546888 0.0
25555898 278421863 278547807 106.11
25555916 278234104 278548040 27.09
25555919 278548116 282528992 39.27
25555939 278548207 278548208 0.0
25555941 278548232 278548234 3.98
25555965 278548345 278548349 13.06
25555974 278242860 278548454 88.24
25555988 278548541 278548543 7.67
25555989 278248378 278548561 49.2
25556020 278548730 278548743 30.02
25556022 278548741 278548750 33.36
25556030 278248402 278548840 10.35
25556066 278248405 278504649 26.76
25556114 278256613 278549190 49.58
25556116 278256601 278549223 31.31
25556283 278551693 278551717 43.92
25556288 278551709 278552267 31.05
25556311 278552617 278552629 38.9
25556312 278552631 278552636 23.73
25556313 278539049 278552653 29.63
25556314 278552654 278552670 29.18
25556315 278552756 278552798 1.64
25556316 278552817 281568164 25.13
25556317 278552827 278539120 34.11
25556318 278552686 278552844 10.13
25556322 278552256 278256577 224.4
25557138 278288190 278562127 1.6
25557146 278562132 278562300 23.61
25557425 278564469 278564469 7.85
25557427 278552723 278564522 31.35
25557428 278564513 278564801 61.62
25557429 278564525 278564557 22.2
25557431 278564601 278564622 27.33
25557432 278564623 278564623 24.61
25557433 278564633 278564711 129.17
25557434 278564642 278564683 11.57
25557435 278564682 278564684 6.81
25557437 278564681 278573241 76.13
25557438 278564818 278578130 144.84
25557439 278564566 278564861 31.34
25557440 278564841 278564869 21.51
25558314 278573243 278573243 28.5
25558315 278633770 278573325 91.38
25558640 278578054 278578060 10.19
25558641 278578057 278578064 6.11
25558642 278578060 278641407 49.09
25558643 278578050 278578088 17.32
25558644 278578126 278682238 107.97
25559496 278587804 278587812 31.87
25559519 278587915 278587938 59.28
25559560 278588005 278504670 15.53
25559563 278588029 278504686 31.51
25559574 278589376 278589899 175.35
25559629 278830735 278588505 65.67
25559669 278588679 278242881 42.54
25559684 278589126 278589156 110.44
25559696 278588505 278589350 36.57
25559718 278589376 278588505 15.66
25559721 278589422 278589429 12.68
25559765 278589628 278589641 30.93
25559784 278587812 278589929 51.4
25559917 278590787 278504420 6.75
25559920 278590797 278504420 6.13
25559922 278590812 278548749 6.16
25559932 278590960 278590968 36.46
25559941 278591028 278590968 11.24
25559968 278591222 278242871 19.15
25559973 278591423 278591426 9.97
25559985 278243369 278243769 18.3
25559992 278591779 278591782 7.99
25559996 278591885 278591890 12.88
25560002 278242572 278591933 78.32
25560014 278242876 278592030 32.97
25560016 279636205 278592551 34.95
25560030 278592588 278592592 11.87
25560053 278592740 278592743 6.32
25560059 278592784 278252570 5.12
25560208 278594189 278538960 7.2
25560300 278595021 278227080 12.08
25560309 278595073 278227083 18.73
25560313 278595132 278595136 10.21
25560359 278595621 278227046 35.01
25560361 278595643 278411234 42.53
25560367 278873402 278595737 27.18
25560394 278596334 278595991 5.21
25560399 278596134 278412108 16.72
25560404 278596413 278596415 5.83
25560410 278596456 278596462 13.74
25560414 278596602 278281785 5.53
25560420 278281030 278596555 36.06
25560431 278596635 278280368 27.45
25560442 278596774 278228612 5.29
25560488 278279686 278596903 4.88
25560493 278596956 278228614 17.4
25560512 278597004 278276290 9.07
25560527 278597125 278597132 17.11
25560535 278597150 278597152 8.92
25560536 278597153 278596925 23.4
25560560 278597226 278597233 15.55
25560566 278597237 278597241 12.55
25560568 278597252 278597257 9.74
25560579 278597341 278597346 13.2
25560583 278598143 278597374 30.04
25560585 278597380 278597386 13.02
25560586 278597387 278597389 5.12
25560588 278597405 278597388 5.48
25560591 278597423 278597728 19.95
25560592 278597433 278228608 3.42
25560594 278597443 278597428 8.14
25560613 278597720 278597724 19.76
25560614 278597870 278597751 53.07
25560622 278597927 278597929 7.26
25560654 278598105 278413269 42.41
25560663 278598134 278745124 53.82
25560666 278222988 278598161 13.23
25560678 278598194 278221788 12.72
25560683 278598252 278598255 8.79
25560685 278598265 278218097 7.66
25560688 278598279 278598288 23.77
25560690 278598322 278598286 8.56
25560705 278598535 278598547 28.2
25560715 278598582 278598597 36.45
25560718 278598600 278598608 24.0
25560722 278598624 278215581 8.75
25560728 278598672 278598677 6.65
25560738 278598750 278598608 89.3
25560755 281626252 278215587 11.08
25560760 278286113 278285917 25.54
25560768 278598975 278282774 11.98
25560771 278598984 278282774 5.04
25560772 278598991 278213158 10.27
25560776 278599001 278599002 1.99
25560790 280695524 278213190 24.7
25560794 278599110 279134160 57.34
25560804 278599145 278599120 14.94
25560808 278599164 278495102 6.69
25560813 278599183 278599304 40.58
25560817 278599199 278495096 5.37
25560821 278599220 278425366 25.64
25560823 278599232 278599221 13.32
25560834 278599275 278599282 31.22
25560839 278599321 278599324 15.6
25560840 278599325 278599334 39.54
25560842 278599347 278599349 15.92
25560844 278599361 278599363 18.12
25560846 278599368 278227633 9.57
25560895 278599930 278501591 9.89
25560906 278600024 278600032 11.17
25560907 278600024 278600048 25.83
25560926 278954476 278600153 6.63
25560929 278600158 278600053 39.7
25560936 278506800 278600053 56.71
25560938 278600249 278600250 4.7
25560940 278600256 278600258 8.73
25560945 278600266 278600266 3.93
25560963 278600408 278600409 0.0
25560975 278600445 278600448 9.01
25560978 278600454 278600446 4.29
25561008 278600732 278221773 16.66
25561012 278600767 278357980 20.5
25561018 278600861 278600863 16.09
25561021 278600971 278600973 4.77
25561029 278508410 278601364 3.36
25561031 278601363 278600268 19.43
25561152 278602702 278602619 3.26
25561233 278602993 278603005 73.66
25561235 278603014 278603004 4.33
25561254 278603119 278603167 38.23
25561259 278603146 278603152 13.75
25561263 278603153 278603167 31.58
25561279 278603154 278603119 16.34
25561283 278603349 278603358 27.12
25561293 278603153 278215671 118.62
25561381 278646469 278506646 286.18
25561384 278604485 278600024 11.59
25561386 278600024 278600060 29.29
25561387 278600048 278600024 4.19
25561389 278426071 278426401 10.08
25561404 278642172 278625635 56.15
25561601 278544481 278606367 9.78
25561605 278606479 278606481 11.61
25561606 278606546 278606547 9.02
25561609 278606888 278207413 0.0
25561611 278606949 278606950 25.26
25561612 278607014 278607015 9.23
25561619 278607163 278607172 18.63
25561622 278607188 278607197 25.5
25561624 278607199 278607203 10.71
25561626 278607218 278607192 4.12
25561630 278607226 278607239 29.84
25561631 278607240 278607241 2.57
25561633 278871779 278607249 71.57
25561637 278607257 278607202 15.35
25561638 278607281 278607249 15.03
25561654 278607199 278607325 36.85
25561655 278607327 278607332 12.66
25561656 278607333 278607329 3.87
25561657 278871690 278607319 25.68
25561661 278607340 278289397 45.73
25561662 278607355 278607344 11.57
25561665 278607374 278607382 36.47
25561668 278607392 278607375 29.41
25561670 278607404 278607377 2.69
25561673 278607409 278607423 31.44
25561676 278607431 278607420 3.17
25561679 278607436 278607441 27.75
25561681 278607442 278607446 14.54
25561683 278607451 278426739 18.32
25561688 278607464 278543823 36.09
25561689 278543824 278607488 22.3
25561694 278290185 278291048 21.27
25561696 278607648 278607564 7.77
25561701 278607764 278607778 33.42
25561736 278607781 278607787 19.96
25561762 278607796 278607798 5.1
25561766 278607805 278290946 28.19
25561771 278607834 278544856 23.44
25561775 278544938 278607860 25.73
25561777 278607863 278607865 7.39
25561780 278607857 278607893 58.23
25561781 278607896 278607898 4.85
25563354 278621667 278621673 9.86
25563369 278745718 278621800 22.01
25563413 278243357 278242936 7.01
25563430 278622243 278622246 9.2
25563443 279058607 278622397 21.93
25563449 278622444 278622451 13.6
25563453 278622469 278622473 6.32
25563467 278622637 278622651 26.16
25563470 278622708 278622647 11.72
25563473 279058316 278622649 14.22
25563501 278623056 278604427 65.61
25563506 281529515 279043104 32.07
25563507 281529415 278623122 36.04
25563521 278625635 278623159 50.06
25563548 278624050 278624061 14.28
25563550 278624096 278624097 1.17
25563613 278624600 278624616 15.45
25564053 278633700 278633695 12.1
25564054 278633701 278633724 63.96
25564055 278633725 278633725 5.46
25564056 278578056 278641620 285.49
25564057 278633746 278633746 14.08
25564058 278633750 278633750 13.98
25564059 278633754 278633754 15.38
25564060 278633758 278633758 11.01
25564061 278633840 278633847 37.27
25564062 278633852 278633888 141.83
25564063 278633889 278633922 14.77
25564064 278633933 278633937 18.5
25564065 278633938 278633938 9.14
25564066 278633862 278633948 20.26
25564067 278633850 278641499 154.27
25564068 278633851 278633963 17.15
25564069 278633856 278633966 5.4
25564150 278636165 278428345 28.88
25564155 278636271 278636273 5.16
25564167 278602993 278636499 36.02
25564170 278636691 278603002 18.66
25564174 278636755 278636761 23.18
25564179 278603003 278636273 17.43
25564182 278636924 278428296 4.85
25564186 278637095 278603001 21.3
25564190 282561217 278602999 73.69
25564207 278637732 278769267 9.21
25564211 278637867 278427903 11.78
25564236 278638020 278637868 9.5
25564240 278638144 278638022 6.73
25564253 278638264 278638146 46.96
25564259 278638391 278427897 8.26
25564264 278427916 278427919 18.6
25564274 278638819 278427199 43.47
25564276 278638979 278638988 23.33
25564279 278639185 278639195 22.48
25564283 278639279 278639281 5.65
25564300 278639321 278639280 2.69
25564306 278640141 278544853 11.9
25564307 278639619 278291063 5.31
25564308 278639668 278639670 6.7
25564310 278639797 278290209 7.5
25564311 278639938 278639839 11.53
25564327 278639968 278607835 3.93
25564331 278640058 278607834 13.7
25564335 282505229 278544771 38.77
25564339 278544939 278640261 36.01
25564344 278544897 278640446 11.39
25564353 278640637 278640647 32.01
25564427 278641332 278641332 13.5
25564428 278641341 278641341 15.54
25564429 278641346 278641346 8.8
25564430 278633907 278641608 40.82
25564431 278641367 278641442 71.99
25564432 278641354 278641420 44.98
25564433 278641446 278641471 34.83
25564434 278641472 278641604 47.54
25564435 278641548 278641548 8.58
25564436 278641540 278642665 113.14
25564437 278641555 278641561 18.02
25564438 278641500 278641604 102.51
25564439 278641615 278641615 3.81
25564440 282488604 278215638 66.74
25564442 278641684 278224746 19.72
25564448 278224743 278641744 34.79
25564465 278625635 278643160 54.76
25564489 278642234 278642202 32.82
25564500 278642295 278642192 25.06
25564511 278642442 278958351 35.61
25564514 278642483 278642447 29.54
25564519 278642559 278642562 6.0
25564525 278958356 278642618 32.55
25564528 278642730 278642611 10.48
25564532 278641621 278642673 23.77
25564534 278642668 278642705 77.78
25564535 278641615 278646501 55.28
25564536 278642721 278642715 37.95
25564537 278642728 278642729 14.41
25564552 278642815 278604438 15.7
25564556 278642831 278642836 14.32
25564558 278642888 278642891 12.45
25564566 278642898 278642901 11.15
25564569 278642915 278642924 51.52
25564581 278642999 278624097 5.34
25564586 278643060 278643005 11.43
25564588 278643078 278643080 15.34
25564591 278643160 279039786 6.64
25564593 278643116 278643117 8.5
25564596 278643119 278643120 2.48
25564602 278643238 278643164 7.93
25564607 282939911 278643291 13.41
25564612 278643314 278643353 105.67
25564614 278643380 278643371 33.08
25564616 278643429 278643332 15.71
25564624 278643778 279039800 35.45
25564634 278643886 278643782 21.55
25564642 278643982 278643986 22.39
25564648 282967624 278643984 12.7
25564650 278644104 278644105 16.87
25564653 278644143 278644104 3.17
25564656 278644194 278644104 3.75
25564660 278644230 278644233 18.57
25564662 278644257 278644231 8.76
25564671 282561992 278644385 48.65
25564675 278644482 278644488 37.23
25564678 278644551 278644553 4.29
25564683 278644385 278644551 8.9
25564695 278644866 278644493 42.69
25564700 278644947 278644953 14.28
25564703 278644969 278643778 31.36
25564720 278645114 278644976 34.31
25564728 278645200 278645219 83.55
25564732 1011663405 278645248 17.34
25564733 282489247 278645253 23.97
25564739 278643677 278224751 19.47
25564742 278645285 278643430 5.65
25564745 278645327 278645328 4.1
25564812 278646427 278646436 24.37
25564829 278646446 278646446 16.69
25564830 278646469 278646501 31.54
25564831 278646481 278646513 16.03
25564832 278646514 278646525 27.38
25564833 278646534 278646548 13.65
25564834 278646550 278646599 83.87
25564835 278646595 278646608 21.79
25564836 278428728 278646547 98.4
25564837 278642727 278646700 13.57
25564838 278646702 278646717 26.14
25564839 278646719 278646731 29.22
25564840 278646732 278646746 12.31
25564841 278646721 278646747 7.51
25564842 278646723 278646750 9.24
25564843 278646752 278646774 48.62
25564844 278646728 278646810 9.81
25564845 278646811 278646841 40.96
25564846 278646832 282967977 18.56
25564847 278646832 278646851 15.51
25564849 278646850 278646868 27.17
25564850 278646869 278646887 19.88
25564851 278428691 281544280 34.19
25565355 278657528 278358867 15.0
25565358 278657552 278657553 28.21
25565359 278657582 278288977 27.79
25565362 278657596 278657598 23.19
25565407 278852521 278658494 71.05
25565419 278286759 278658494 41.47
25565420 279289428 278658685 92.19
25565426 278712298 278658750 66.5
25565440 278658882 278873582 43.66
25565457 278659081 278659091 25.64
25565463 278873533 278659150 18.25
25565469 278852760 278406967 82.3
25565477 278659220 278852528 51.57
25565480 278873510 278659273 18.84
25565488 278852572 278407446 20.56
25565504 1428416875 278286723 152.06
25565510 279066595 278659510 10.27
25565620 278660860 278660864 14.46
25565676 278661854 278661875 45.74
25565733 278663387 278663390 9.63
25565746 278663443 278663449 19.66
25565759 278663462 278663468 22.78
25565764 278663495 278663498 6.63
25565770 278663685 278663497 28.62
25565790 278664041 278802852 175.43
25565818 278664474 278873858 215.9
25565822 278664626 278664635 22.58
25565838 278664811 278664816 11.17
25565847 278664882 278664884 9.22
25565848 278664929 278664884 28.39
25565855 278664929 278665121 46.62
25565861 278665353 278665360 16.71
25565865 278665375 278665383 18.09
25565870 649616607 278665486 199.54
25565875 278665453 278665529 15.73
25565879 278665604 278665467 14.56
25565882 278665662 278665670 24.1
25565883 278665672 278665670 27.16
25565894 278665679 278665885 36.54
25565896 278238209 278665901 21.53
25566320 279060186 278238234 19.28
25566335 278421867 278237222 60.29
25566347 278674197 278421857 8.32
25566351 278674280 278674286 21.55
25566354 278674282 278674280 13.0
25566357 278674399 278674400 5.06
25566359 278674404 278674405 2.99
25566363 278674412 278674413 9.97
25566372 278931974 278239051 27.76
25566374 281579811 278674505 57.74
25566377 278674517 278674521 22.26
25566379 278674543 278674546 15.34
25566382 278674573 278674503 7.07
25566385 278674622 278674623 5.51
25566391 278674899 278674908 29.97
25566396 278675022 278675025 22.29
25566398 278675093 278675094 18.95
25566400 278675164 278675165 6.63
25566403 278675177 278675178 8.74
25566409 281578075 278675178 10.75
25566416 281579626 278423400 20.98
25566427 278675381 278423413 13.26
25566441 278675480 278247290 26.7
25566445 278675515 278592034 33.72
25566449 281574212 278675530 7.29
25566459 278247291 278675518 40.7
25566463 278675865 278675867 12.01
25566470 278675953 278675955 8.67
25566476 278245324 278245543 19.0
25566479 278245545 278245325 17.22
25566485 279926098 278676098 16.39
25566487 278245544 278676107 7.79
25566490 278676240 278676242 13.49
25566492 278676386 278676388 8.93
25566510 278676408 278676422 12.69
25566514 278676549 278622385 8.89
25566539 278237115 278676953 35.77
25566548 278677002 278677005 9.52
25566555 278677206 278416664 15.12
25566563 278677206 278416668 23.78
25566568 279298778 278677206 14.81
25566576 278677249 281575159 118.37
25566579 278677429 278677415 27.63
25566583 278677445 278677452 30.05
25566592 278677346 278677549 68.43
25566684 278678714 278678773 249.44
25566746 291720282 278679829 6.77
25566752 1224771387 278679773 21.63
25566772 281572216 278589151 75.89
25566786 278680211 278679973 193.04
25566789 278680330 278680342 37.72
25566792 278844155 278680362 16.78
25566797 278680400 278680342 11.02
25566808 278680469 278680510 132.3
25566823 278680791 278589628 197.81
25566824 278680854 278680856 11.35
25566843 278680843 278680995 84.69
25566848 278681027 278549905 45.17
25566857 278681198 278549923 71.93
25566861 278681245 278553155 47.8
25566863 278681252 278681261 5.23
25566865 278681292 278553172 30.99
25566869 278681305 278681263 29.88
25566871 278681377 278681384 20.62
25566878 278533358 278553240 21.04
25566881 278681543 278527264 9.59
25566883 278681554 278539015 6.67
25566904 278681860 278681868 25.21
25566917 278545338 278682012 23.49
25566926 278682103 278682116 30.72
25566933 278682149 278682159 25.86
25566951 279056573 279056582 17.88
25567793 278279287 642344517 22.05
25567804 278692673 278279833 10.52
25567806 278692676 278692714 16.89
25567829 279300123 278693002 71.99
25569205 278709748 278289084 27.19
25569223 278709818 278358139 13.29
25569231 278709837 278358086 39.67
25569233 278709849 278709849 16.49
25569236 278709949 278709951 5.03
25569244 278710120 278358106 7.07
25569246 278710188 278710190 4.52
25569260 278710572 278710572 30.95
25569282 278710927 278409065 5.57
25569296 278711116 278228633 3.51
25569301 278711134 278711138 22.69
25569305 278711157 278228168 9.99
25569312 278711158 278711242 4.02
25569336 278711685 278711703 30.33
25569341 278711724 278711733 17.9
25569348 278711779 278711782 12.49
25569352 278599110 278227638 21.65
25569355 278595636 278711830 14.65
25569359 278711848 1428416959 24.72
25569360 278711867 278711868 4.05
25569396 278712340 278712298 38.12
25569422 278712719 278712728 31.81
25569820 278723783 278712723 23.55
25569825 278723811 278723814 7.66
25569828 278723826 278712723 7.23
25569840 279030275 278723887 22.76
25569845 278679829 278712728 112.61
25569876 278724834 278724837 12.74
25570017 278726876 278726878 4.76
25570020 278726914 278726876 3.34
25570054 278727228 110028210 2.6
25570122 278728477 278728477 83.8
25570268 278731866 278731866 129.83
25570768 278740417 278740418 2.17
25570824 278599282 278506640 61.52
25570988 278742318 278501596 32.56
25570990 278742567 278426079 48.72
25571007 278742663 278426085 28.56
25571017 278742754 278742763 29.52
25571025 278742787 278742814 10.44
25571028 278742811 278742814 17.42
25571038 278742881 278742886 13.24
25571039 278742887 278742884 4.44
25571056 278743231 278743231 41.51
25571160 278283817 278284275 34.14
25571162 278284319 278283644 21.09
25571179 278744145 278744162 32.53
25571184 278744195 278744199 8.23
25571201 281337359 278217305 24.85
25571218 278744386 278219300 20.92
25571222 278744431 278744433 3.8
25571243 278744584 278744585 4.38
25571288 278222401 278745065 24.28
25571398 278745746 278745747 12.81
25571423 278745925 278420508 67.31
25571439 278410569 278746053 104.75
25571440 278746054 278358339 106.33
25571465 278358867 278746368 27.6
25571466 278746366 278746371 8.45
25571566 278747353 278747354 7.1
25571569 278747388 278747389 9.64
25571570 278747390 278747391 5.66
25571582 278747568 278747580 4.25
25571683 278748363 278252566 5.08
25571688 278748397 278748408 23.66
25572132 278752763 278752763 83.26
25572332 278755945 278755946 0.66
25572338 278756077 278756079 4.83
25572342 278756364 278756366 4.87
25572355 278756710 278756649 2.2
25572361 278757683 278756883 190.1
25572367 278756883 278757051 15.04
25572372 278757358 278757363 19.59
25572373 278757423 278757430 11.83
25572383 278757773 278757775 1.57
25572391 278758029 278758031 1.92
25572472 278758092 278758093 1.6
25572503 278758222 278758222 25.52
25572509 278758469 278758470 1.2
25572543 278759073 278759074 1.11
25572563 278759477 278759478 2.07
25572569 278759599 278759610 34.67
25572579 278759852 278759857 36.96
25572584 278760150 278755946 55.77
25572587 278760151 278760412 33.43
25572588 278760488 278760407 19.9
25572591 281544277 278760152 10.06
25572608 278760624 278646814 5.4
25572745 282938803 278761306 108.29
25572753 278761717 278761727 50.26
25572757 278761789 278761796 19.31
25572758 278761839 278761842 9.09
25572935 278764217 278764218 11.09
25572997 281543670 278759610 16.48
25573020 278764360 278764363 23.58
25573024 278764361 278764362 79.26
25573062 278764576 278764578 4.51
25573063 278764577 278764362 5.08
25573077 278764826 278764971 57.05
25573082 278764966 278764957 12.39
25573083 278764959 278764965 19.2
25573094 278764311 278765217 226.08
25573099 278765245 278765249 10.57
25573101 278765702 278765342 39.59
25573136 278764956 278765615 74.62
25573275 278767006 278767007 0.0
25573295 278767447 278767448 0.0
25573313 282488752 278767546 60.08
25573441 278768508 278624050 9.89
25573443 282489385 278768611 21.93
25573446 282939240 278768627 41.43
25573461 279042823 278768750 13.28
25573462 278768756 278768699 8.24
25573464 278768761 278768521 8.59
25573473 278768832 278768858 81.7
25573478 278768895 278768846 8.13
25573482 278768911 278768851 21.42
25573483 278768922 278768923 3.94
25573491 278769006 278769008 8.56
25573493 278769044 278769008 15.47
25573513 278769292 278769293 2.16
25573514 278769309 278769311 0.0
25573520 278769310 278769327 0.0
25573522 278769377 278769378 5.61
25573527 278769514 278769515 0.0
25573544 278769764 278769765 7.04
25573551 278769910 278769911 3.44
25573552 278769918 278769919 0.0
25573553 278769955 278769956 3.36
25573555 278769969 278769970 0.0
25573566 278770070 278770071 2.95
25573569 278770083 278770084 2.93
25573571 278770087 278770090 5.21
25573603 278770524 278288195 19.86
25573612 278770609 278770609 16.91
25573616 278770701 278770701 42.72
25573794 278772532 278772538 28.11
25573807 278772796 278772826 39.53
25573812 278773098 278773121 83.58
25573829 278773381 278604345 68.18
25573831 278773415 278773420 13.25
25573846 278773506 278646583 27.32
25573850 278773576 278646587 16.15
25573858 278773703 278773712 20.89
25573899 278773934 278773937 6.41
25573902 278773962 278773964 17.34
25573907 278773963 278773983 12.51
25573916 278774015 355869319 54.54
25573941 278774152 278774175 68.53
25573943 278774189 278774181 30.25
25573952 278774241 278774256 34.21
25573963 278774486 281567871 84.23
25573970 278774486 278774531 13.59
25573973 282935379 278774531 50.34
25574004 278775033 278775033 10.98
25574024 278775397 278681305 58.5
25574045 278553240 278256609 63.06
25574054 281569781 278256646 16.41
25574097 278681198 278589872 20.09
25575550 278789860 278789867 22.74
25575576 278790122 278292295 18.98
25575626 278292297 278790585 12.72
25575631 278790645 278790131 12.75
25575719 278790664 278791279 6.04
25575972 278562127 278792662 10.52
25576028 278793043 278793043 8.47
25576070 278288178 278793194 1.18
25576127 278207895 278793715 15.7
25576182 278794356 278794358 6.31
25576196 278793973 278794442 27.89
25576211 278794439 278794623 10.09
25576217 278794441 278794659 3.26
25576227 278207889 278794756 5.1
25576246 278206895 278794951 4.49
25576255 278206897 278795043 5.87
25576272 278206898 278795705 13.06
25576292 278206899 278796541 21.75
25576320 278796941 278797543 17.43
25576328 278797541 278797538 4.98
25576397 278797894 278797894 16.65
25576414 278798111 278798111 11.17
25576443 278798402 278798402 12.2
25576466 278207421 278798855 13.78
25576474 278798861 278798909 3.25
25576909 278802849 278802879 17.29
25576961 278802851 278803234 43.86
25576992 278803498 278803500 7.37
25577408 278807053 278807067 35.58
25580225 278830735 278830745 21.54
25580229 278830759 278504465 13.67
25580256 278830904 278830932 56.86
25580260 278830946 278830912 9.89
25580333 278830921 278831264 34.45
25580355 279284417 278831331 13.07
25580356 278831337 278831343 11.13
25580601 278834900 278834900 4.93
25580602 278834904 278834904 5.87
25580672 278659771 278659771 37.02
25580689 278835786 278835786 46.52
25580732 278590960 278548436 2.56
25580775 278836423 278836427 9.96
25581255 278842222 278622637 8.66
25581539 278843828 278242285 5.06
25581549 278843829 278843912 31.03
25581562 278844022 278844031 18.34
25581565 278844047 278242497 14.81
25581566 278844053 278437962 5.19
25581646 278844835 645533482 40.65
25581685 278845346 278845356 45.23
25581706 278845501 278845519 27.51
25581773 278596636 278845861 6.89
25581779 278845908 278845909 4.84
25581797 278846014 278846019 8.93
25581799 278280443 278846040 4.51
25581804 278846061 278281231 14.0
25582180 278851298 278851298 361.39
25582438 278852629 278852630 4.02
25582442 278852671 278659236 16.6
25582462 278852723 278852730 16.51
25582476 281624771 278711820 12.07
25582489 281624761 278852870 44.08
25582499 278852910 278425573 81.13
25582514 281530509 278853072 106.32
25582515 278853073 278853086 39.59
25582516 278853088 278853125 74.72
25582547 282514114 278853469 183.49
25582627 278854424 278854429 10.23
25582629 278854438 278358399 18.37
25582649 278854557 278358642 5.22
25582914 278857770 278857773 9.5
25582948 278858273 278858273 137.14
25582952 278858335 278858352 39.74
25582972 278858385 278858386 7.05
25582974 278858398 278858405 12.57
25582980 278858780 278290166 38.48
25582987 278858551 278289397 159.81
25582991 278858630 278858649 42.19
25582992 278858675 278858635 20.83
25582995 278858701 278858706 8.01
25582997 278858709 278858715 10.76
25582998 278858716 278858721 7.39
25583000 278858727 278290168 11.97
25583007 278858814 278858784 6.54
25583008 278858788 278858819 2.39
25583013 278858828 278858838 18.64
25583014 278871569 278858846 18.37
25583015 278858847 278858850 7.41
25583017 278858915 278858845 7.59
25583020 278858933 278858936 13.34
25583022 278858954 278858960 13.38
25583027 278859046 278859051 16.92
25583030 278859075 278859050 20.16
25583037 278859154 278426728 15.11
25583043 278859242 278426726 5.96
25583070 278859268 278859269 3.02
25583072 278859309 278426727 3.27
25583076 278859328 278426736 25.69
25583078 278859349 278859351 11.96
25583080 278859383 278859384 6.79
25583090 278859412 278859413 22.23
25583092 278859431 278859432 8.51
25583094 278859449 278859450 7.07
25583096 278859457 278288217 9.77
25583097 278859462 278859463 4.32
25583098 278859466 278859467 6.18
25583100 278859547 278859548 2.36
25583104 278859582 278859584 12.81
25583108 278859627 653929249 10.6
25583109 278859630 653929244 4.64
25583110 278859698 278292984 8.38
25583126 278860027 278860028 4.79
25583133 278860071 278292701 5.8
25583135 279325514 278860088 39.56
25583137 278860232 278860082 7.67
25583191 278860444 278860446 9.92
25583192 1436289879 278860452 37.58
25583194 1436289880 278860475 43.32
25583199 278860533 278860535 8.38
25583258 278861174 278861174 332.12
25583269 278206897 278861381 25.2
25583277 278861482 278861483 1.71
25583285 278861504 278861505 3.31
25583288 278861513 278207421 11.15
25583292 278861683 278861821 56.69
25583297 278861813 278861821 16.59
25583298 278861839 278861704 7.29
25583302 278861916 278861917 3.85
25583309 278861969 278861972 10.59
25583312 278862073 278861689 11.22
25583316 278862123 278862126 7.28
25583320 278862144 278862146 3.75
25583325 279037359 278862224 34.55
25583327 278862236 278562129 9.08
25583333 278862302 278862306 11.18
25583335 278862311 278862313 3.12
25583343 278862357 278294235 7.26
25583356 278862493 278862494 2.8
25583377 278862712 278862714 0.0
25583394 278862886 278862888 1.88
25583397 278863005 278863006 2.02
25583400 278863042 278863043 1.44
25583404 278863078 278863080 5.0
25583408 278863168 278863168 1.02
25583427 278863413 278863415 3.41
25583429 278863448 278863449 1.01
25583473 278864108 278636870 72.17
25583486 278864397 278864398 4.08
25583503 278864460 278428664 43.07
25583506 278864553 278864554 4.34
25583510 278864582 278864583 3.39
25583513 278864598 278646707 7.04
25583515 278864602 278646714 2.33
25583519 278864611 278864613 6.14
25583673 278603386 278603349 63.08
25583682 278871781 278871771 1.26
25583683 283941689 278865928 33.34
25583685 278865968 278865981 18.97
25583709 278866154 278866154 39.52
25583712 278866192 278866192 55.19
25583738 278866522 278866561 52.45
25583784 278545633 278866993 42.84
25583785 278866971 278867043 26.22
25583797 278867520 278774436 36.26
25583800 278867548 278867570 55.28
25583804 278867652 278867658 16.55
25583806 278867702 278867707 13.29
25583812 278867811 278867836 78.36
25583824 278867959 278867652 92.98
25583833 278867652 278868122 10.63
25583834 278868146 278868134 3.85
25583840 278868152 278868170 48.01
25583851 278868368 278868308 125.48
25583853 278868295 278868122 22.17
25583857 278868475 278641604 22.88
25583861 278868486 278868454 19.27
25584085 278870515 278870515 13.5
25584089 278870563 278870563 12.39
25584093 278870610 278870610 8.53
25584124 278870846 278870846 31.56
25584125 278870851 278870851 17.52
25584126 278870856 278870856 11.89
25584127 278871087 278871087 13.21
25584129 278871226 278871226 12.37
25584130 278871230 278871230 7.72
25584131 278871234 278871234 9.66
25584169 278871480 278292290 8.11
25584171 278871485 278871486 4.78
25584181 278871515 278871515 24.1
25584184 278858847 278871528 20.3
25584186 278871532 278871545 31.65
25584188 278871548 278858847 45.27
25584191 278858841 278871574 5.97
25584193 278871576 278871558 18.96
25584195 278871582 278871597 24.06
25584197 278871599 278871602 6.36
25584199 278871604 278215601 17.87
25584200 278871613 278607259 7.02
25584202 278871618 278871631 34.6
25584205 278871651 278871623 14.25
25584206 278871660 278865938 10.14
25584207 282506125 278871673 19.71
25584208 278871684 278861217 11.86
25584209 278871702 278871705 7.77
25584210 278871706 278871710 12.51
25584212 278871723 278871731 17.68
25584215 278871748 278871771 84.84
25584216 278871779 278871769 14.53
25584218 278871802 278871803 2.77
25584219 278871815 278871816 2.73
25584220 278871817 278871813 18.42
25584221 278871824 278871825 2.44
25584223 278871849 278641744 35.07
25584224 278871857 355867831 11.32
25584225 278871876 278871877 3.61
25584226 278871879 278871882 8.8
25584227 278871883 278871891 25.7
25584228 278871892 278871898 21.31
25584229 278871899 278215671 5.3
25584230 278927164 1002335322 13.26
25584231 278871905 278871910 24.2
25584232 278871911 278871914 11.33
25584233 360495379 278871922 18.59
25584234 278871922 278871941 30.81
25584235 278871947 278871954 13.52
25584237 278871957 278871958 6.88
25584238 278871959 278871965 17.6
25584240 278871972 278871979 16.78
25584241 278871980 278603349 8.98
25584242 278871983 278871984 10.02
25584244 278871987 278871989 6.72
25584245 278871990 278871991 3.91
25584246 278871995 278871997 10.77
25584277 278872136 278872136 0.0
25584278 278872284 278872284 112.43
25584354 278872380 278872380 145.14
25584359 278872416 278872416 99.87
25584360 278872450 278872450 53.92
25584363 278872464 278872464 33.77
25584364 278872476 278872476 17.28
25584365 278872486 278872486 52.83
25584367 278872522 278872522 13.28
25584369 278872531 278872531 28.03
25584370 278872544 278872544 33.0
25584371 278872556 278872556 28.29
25584374 278872567 278872567 62.39
25584376 278872589 278872589 0.0
25584377 278872600 278872600 23.51
25584379 278872618 278872618 48.22
25584380 278872637 278872637 70.1
25584392 278872698 278872698 25.83
25584406 278873177 278873177 12.39
25584411 278873185 278873185 58.9
25584412 278873201 278873201 41.45
25584413 278873214 278873214 15.26
25584414 278873230 278873230 0.0
25584415 278873256 278873256 16.75
25584431 278873261 278873261 0.0
25584432 278873270 278873270 49.17
25584433 278873286 278873286 71.01
25584434 278873305 278873305 15.09
25584436 278873315 278873315 24.06
25584437 278873320 278873320 41.94
25584439 278873330 278873330 15.45
25584440 278873334 278873334 62.79
25584444 278873351 278873351 9.66
25584445 278873356 278873356 67.76
25584446 278873369 278873372 8.62
25584450 278873375 278411246 15.63
25584451 278873379 278873384 22.27
25584452 278873385 278873388 9.16
25584453 278873389 278227470 6.01
25584454 278873398 278873407 20.83
25584459 278873477 278405490 8.89
25584460 278873478 278873485 18.58
25584461 278873486 278873487 11.13
25584462 278873488 278873490 9.75
25584463 278873492 278873493 9.25
25584464 278873494 278854573 2.27
25584465 278873495 278854576 1.53
25584466 278873496 278854578 21.2
25584468 278873508 278873499 2.17
25584472 278873521 278658487 33.97
25584473 278873553 278873543 31.09
25584475 278873549 278358861 15.88
25584479 278873560 278658668 24.26
25584481 278873666 279289834 77.83
25584482 278873679 278873676 29.73
25584483 278873690 278873708 47.61
25584484 278873709 278873706 37.97
25584485 278873722 278358360 42.14
25584486 278873734 278873736 18.37
25584487 278873737 278873738 8.72
25584488 278873747 278873754 42.16
25584489 278419534 278873752 10.61
25584490 278873782 278420499 9.52
25584491 278873805 278289158 21.87
25584493 642344547 278265109 28.12
25584494 278873942 278238217 22.28
25584495 278873956 278665482 8.32
25584496 278873966 278873973 24.01
25584497 278873981 278237785 16.63
25584502 278874015 278421298 23.51
25587937 278924434 278924434 10.88
25587943 278924788 278924788 11.3
25587978 278925688 278925688 7.61
25587981 278925881 278925881 5.14
25588002 278926408 278926410 8.46
25588005 278926427 278926427 7.82
25588011 278926448 278926448 12.84
25588016 278926487 278926487 10.77
25588039 278865670 278871941 31.81
25588046 278927273 278603349 11.69
25588067 278858563 278927691 70.32
25588070 278927720 278858562 26.98
25588080 278927862 278927852 3.21
25588087 278928001 278928012 23.25
25588093 278928051 278928005 3.5
25588122 278928228 278928229 1.91
25588130 278928312 278428713 16.26
25588193 278929040 278929040 4.18
25588207 278929161 278929178 57.15
25588342 278930412 278930412 8.84
25588369 278930674 278930680 15.96
25588387 278930775 278930775 31.79
25588402 278930997 278930997 9.46
25588422 278931079 278931079 16.66
25588423 278931094 278931094 11.98
25588426 278931117 278931117 7.56
25588428 278931138 278931138 10.85
25588457 278931340 278931340 0.0
25588458 278500043 279059063 71.65
25588548 278931979 278234065 11.62
25588578 278932441 278932441 48.25
25589597 278943592 278943572 18.54
25589598 278943573 278943571 5.38
25590208 278951814 278951814 132.77
25590225 278951969 278951969 84.71
25590384 278954455 278954476 20.85
25590387 278425770 278954482 5.15
25590391 278954504 278425767 17.65
25590424 278954853 278954853 126.59
25590529 278956837 278956840 5.26
25590539 278956945 278957016 26.76
25590540 278957017 278957026 15.8
25590720 278600266 278958268 16.17
25590722 278958276 278600266 1.32
25590726 278958334 278958396 18.52
25590728 278742574 278742814 18.85
25590746 278958425 278958436 26.18
25591219 279066401 278961371 12.04
25591606 278965469 278965469 169.38
25598010 279027367 279027367 0.0
25598034 279027661 279027661 6.04
25598039 279027784 279027784 0.0
25598312 279030229 279030275 69.64
25598666 279033945 278417068 124.27
25598674 279034021 279294387 219.06
25598730 1011879340 279034835 65.17
25598761 279035123 279035123 11.58
25598819 279034856 279034857 1.13
25598827 279034856 278623056 52.11
25598832 279035287 281529669 11.83
25598835 279035348 279035360 18.95
25598845 278604364 279035437 33.38
25598847 279035447 279035469 24.63
25598857 279035467 279035494 7.75
25598874 279035496 279034857 96.55
25598877 282935224 279035570 126.09
25598880 279035647 279035568 11.06
25598881 279035648 279035655 2.51
25598887 279035729 279035729 10.61
25598893 279035808 278604338 30.84
25598895 278773939 279035833 3.72
25598900 278772796 278773098 20.87
25598919 279035878 279036068 57.86
25598924 279036055 279036146 62.34
25598938 279036245 279036317 28.2
25598966 278761343 279036488 79.91
25598978 279036462 279036554 28.82
25598985 278858340 279036629 31.34
25598986 279036621 279036632 4.39
25598987 279036630 279036635 2.26
25598989 279036617 279036650 11.17
25599007 278208644 279036794 5.86
25599013 279036835 279036835 5.04
25599022 279036959 279036959 2.39
25599024 279036966 279036966 3.99
25599025 279036971 279036971 4.99
25599033 279037020 279037020 9.19
25599053 279037363 279037395 2.5
25599060 278793713 279037518 18.76
25599070 278607351 281534361 24.39
25599073 278289393 278607349 11.77
25599077 278215605 279038373 7.31
25599107 278215623 279038478 2.23
25599121 279038527 279038528 6.3
25599133 279038555 279038577 13.57
25599139 278427210 279038593 15.2
25599142 279038477 279038614 52.4
25599145 279038589 279038668 24.18
25599149 279038555 279038775 8.67
25599155 279039015 278427886 24.05
25599240 279039609 278603396 30.56
25599244 279039635 279039639 7.32
25599249 279039680 278604614 14.76
25599251 279039686 279039697 11.38
25599264 279039765 279039770 9.94
25599266 279039779 279039786 15.23
25599271 279039800 278646427 33.13
25599519 278604395 279042003 80.23
25599576 282938803 279041973 46.97
25599577 279042563 279042580 116.22
25599578 279041990 279042649 15.96
25599579 279042663 279042676 19.42
25599580 279042677 279042674 4.94
25599581 279041991 279042683 10.14
25599582 279042684 279042648 10.15
25599583 279042692 279042612 15.66
25599585 279042613 279042709 6.69
25599588 279042558 279042822 47.21
25599597 279042571 279042934 10.56
25599601 279042932 279042973 20.75
25599610 279042582 278604377 61.18
25599616 279043098 279043104 17.56
25599624 279043236 279043264 67.68
25599628 279043247 279043356 12.61
25599630 279043365 279043374 11.68
25599641 279043482 278642917 53.91
25599646 279043528 278957016 15.4
25599652 279043553 279043556 13.64
25599659 279043630 279043644 27.72
25599661 279043639 279043651 15.76
25599667 279043688 279043690 16.78
25599670 279043694 282512321 39.84
25599676 279043728 279043729 11.52
25599684 279043769 279043779 21.71
25599690 279043818 278853410 21.06
25599701 278279081 279043972 20.11
25599715 279044168 278279086 27.7
25599804 279044644 279044644 25.18
25599813 279044728 279044728 5.7
25599818 279044755 279044777 27.73
25599819 279044778 278279268 10.94
25599822 279044818 279044818 0.0
25599833 279044867 279044872 0.0
25599838 279044871 279044900 20.95
25599843 279044935 279044945 31.1
25599849 279044935 279044975 12.9
25599852 279044939 279044870 24.13
25599886 279045273 279045273 0.0
25599902 279044935 279045658 43.86
25599905 279045647 279045670 7.8
25599920 279045766 279045766 113.25
25599932 279045859 279045859 51.21
25599971 279046292 279046292 81.39
25600036 279047745 279047745 260.64
25600071 279048646 279048646 489.13
25600080 279048736 278297175 67.56
25600082 279048760 279048760 6.05
25600085 282522954 279049012 55.77
25600086 279048792 279048792 7.94
25600087 279048796 279048805 17.15
25600104 279048900 279048909 24.09
25600107 279048937 279048937 126.66
25600113 279049039 279049039 62.87
25600117 279049084 279049089 9.65
25600121 279049132 279049152 19.25
25600122 278228653 279049155 6.6
25600123 279049178 279049167 34.87
25600127 279049191 279049219 60.82
25600129 279131728 279129622 55.41
25600142 279049301 279296134 199.76
25600176 279049470 279049498 59.19
25600183 279049500 279049506 16.07
25600244 278208481 279049921 14.48
25600311 279050055 279050055 81.07
25600321 279050218 279050218 29.74
25600432 279051083 279051084 6.62
25600439 278252580 279051178 44.06
25600459 279051270 279051270 57.43
25600461 279051321 279051322 2.07
25600930 278682316 278682345 115.7
25600932 279056619 279056623 13.58
25600938 279056659 278682238 8.29
25600939 279056666 278682237 7.3
25600940 279056668 278682237 31.59
25600947 278564497 278538938 50.21
25600952 279056906 279056927 41.63
25600953 278533784 278527162 42.27
25600956 279057004 279057036 75.14
25600958 279057050 279057060 26.93
25600976 279057133 279057143 15.35
25601010 279057449 278252567 25.78
25601011 279057459 279057466 17.25
25601132 279058209 279058216 17.05
25601136 279058229 278245379 11.37
25601138 279058233 278246178 7.56
25601139 279058247 278246179 7.72
25601140 279058294 279058296 6.65
25601142 279058347 279058347 15.0
25601145 278245394 278246814 31.61
25601152 279058534 278676408 7.27
25601154 279058536 278246991 6.7
25601158 279058771 279058771 38.05
25601159 279058830 279058834 9.22
25601161 279058888 279058888 21.78
25601164 279059071 278239639 7.08
25601165 279059181 279059182 2.89
25601175 279059263 279059263 71.45
25601177 279059462 279059462 32.05
25601178 279059515 279059522 11.38
25601179 279059631 279059631 45.02
25601194 279059841 279059841 71.44
25601200 279059940 278547793 73.98
25601203 279059996 279060008 25.22
25601211 279060107 279060123 30.86
25601214 279060151 278265589 4.86
25601223 279060278 279060278 9.14
25601285 278425910 278954445 4.55
25601286 278426401 278958268 2.71
25601287 278954476 279060787 11.22
25601289 278958327 278958346 20.72
25601290 278954504 278501589 12.94
25601296 279060888 279060888 708.84
25601305 279061496 279061496 321.61
25601325 279061301 280957255 11.71
25601334 279061394 279061398 13.47
25601341 278274439 278276390 28.57
25601347 279061569 279061575 9.89
25601352 279061763 279061775 40.45
25601362 279061962 279049488 30.59
25601364 278358078 278358032 14.44
25601371 279062216 279062216 48.09
25601376 279062339 279062339 160.03
25601389 279062517 279062517 44.64
25601394 279062576 279062576 70.72
25601467 279064728 279064728 91.98
25601469 279064778 279064778 145.87
25601521 279065601 279065606 7.72
25601523 279065650 278410274 14.27
25601534 279065845 278410562 18.83
25601543 279065962 278711780 12.2
25601556 278621793 279066249 4.16
25601576 279066424 278411244 10.8
25601578 279066455 279066463 23.74
25601585 278286711 279066575 26.54
25601593 278659418 278873527 28.77
25601596 279066801 279066808 34.07
25601598 279066816 278658907 14.75
25601600 279066825 278658882 9.02
25601606 279066886 279066892 22.53
25601607 279066897 279066900 4.73
25601619 279066933 278280377 39.54
25601622 279066933 279066976 90.69
25601631 279067015 643890544 14.78
25601633 279067032 278724835 2.56
25601637 279067045 278415883 21.6
25601639 279067056 278415887 4.71
25601645 279067097 278415898 39.28
25601648 279067118 279300780 58.28
25604799 279085510 278425560 16.94
25604800 279085513 279085519 9.91
25604805 279085519 279085535 9.13
25604808 279085519 279085570 10.52
25604812 279085618 279085620 3.79
25604820 279085734 279085735 3.16
25604821 279085736 278853370 30.61
25604839 279653105 279085852 65.59
25604842 279085900 279085854 18.58
25604852 279085920 279085924 15.37
25607226 279108580 279108609 79.3
25607276 279109149 279108920 169.15
25607280 279108948 279108830 32.77
25607283 279109149 279109180 26.26
25607310 279109180 278424450 17.67
25607341 279109445 279109497 85.56
25607356 279109547 278287104 8.06
25607364 279109552 279109556 7.37
25607369 279109558 279109564 11.23
25607395 279109759 279109858 160.79
25607396 279109859 279109759 6.16
25607413 279110157 278286550 136.88
25607428 279110461 279110461 17.6
25607439 279110658 279110662 15.62
25607450 279110694 279110694 9.86
25607451 279110698 279110698 13.34
25607471 279110825 278295604 5.95
25607524 279111958 279111962 7.42
25607528 279111976 279111976 12.93
25607534 282512292 278599282 32.21
25607538 279112064 279112077 27.07
25607552 282507301 279112297 8.43
25607572 279112328 279112332 9.64
25607575 279112332 1108471691 15.45
25607579 279112378 279112379 5.54
25607594 279112452 278603330 33.27
25607596 279112463 279112466 2.0
25607606 279112644 279112656 23.16
25607640 279112864 279112864 9.82
25607653 279112897 279112897 7.7
25607672 279113044 279113047 10.77
25607677 279113069 279113069 7.85
25609402 279129493 279129508 33.23
25609407 279129522 278873728 9.35
25609424 279129650 278873709 78.45
25609425 279129994 278873734 29.85
25609461 279129977 279129985 7.4
25609689 279131669 279131649 38.77
25609698 279131629 279131692 21.42
25609717 279131761 279131647 37.17
25609722 279131764 279131807 8.59
25609724 279131813 279131814 3.07
25609739 278746053 279131897 44.87
25609749 279131950 279132005 4.9
25609754 279132135 279132142 9.81
25609767 279132594 279132648 18.72
25609771 279132683 279132685 4.03
25609778 279132728 278873550 4.83
25609851 279133466 278405813 9.74
25609908 278711686 279134096 6.57
25625186 279284429 279284431 6.73
25625223 278590961 279285335 5.03
25625227 278591222 278242868 7.53
25625229 279285573 279285573 12.97
25625233 279285643 279285643 10.77
25625257 279285748 279285750 4.3
25625265 279285776 279285777 3.8
25625273 279286058 278675484 10.05
25625279 279286282 279286282 9.31
25625285 279286435 278504449 6.06
25625312 279287248 279287249 3.77
25625358 279288552 279288552 70.14
25625390 279288808 278873463 25.34
25625450 279289990 279289995 9.82
25625455 279290187 279290187 27.31
25625464 278280002 279290543 11.73
25625473 278281785 278277442 22.74
25625474 278281738 278281685 16.49
25625497 279290729 278664885 8.33
25625499 278664884 278664906 87.57
25625519 279291286 279291231 25.56
25625525 279291287 281334562 28.43
25625575 279292411 279292423 17.72
25625579 279292610 279292780 60.22
25625587 279292819 278419460 11.18
25625593 279293258 279293258 31.68
25625595 279293570 279293570 40.03
25625596 279293464 279293570 55.31
25625601 279293731 278422017 26.02
25625609 279294396 279294125 15.38
25625612 279294254 279295017 39.55
25625614 279294495 279295018 5.18
25625615 279294575 279294592 26.47
25625624 279294773 278239139 10.17
25625626 279294796 279294798 4.5
25625629 278422579 278237201 7.02
25625637 279295114 279295118 8.28
25625640 281576476 279034157 36.13
25625643 279295296 279295303 15.78
25625662 279295398 278417052 35.93
25625696 279033952 279296252 29.26
25625968 278677429 279299814 29.49
25625973 278677346 278677414 31.04
25625977 1428417012 1428417249 33.69
25625979 279298914 279299323 51.95
25625990 279299654 279299656 4.78
25626016 278677421 279299776 4.05
25626085 1428416739 279299844 104.95
25626096 279299857 279299867 22.99
25626101 279299862 279300027 26.61
25626118 279300032 278679335 4.99
25626144 1428417341 1428417114 126.18
25626177 279301045 279301053 14.57
25626256 279301993 278664043 55.12
25626310 278279686 279290187 4.8
25626324 278597125 279302770 6.23
25626328 279302798 278281228 10.1
25626330 279302282 279303112 106.16
25626350 279303095 279302896 16.2
25628403 279323845 279323858 17.15
25628419 279324210 279324224 3.48
25628433 279324474 278426736 4.41
25628459 279324474 279324646 17.27
25628462 279324670 279324683 25.51
25628470 279324744 279324474 3.9
25628481 279324856 278858954 41.8
25628493 279037516 279325016 13.74
25628496 279325102 279325103 10.2
25628498 279325160 279325162 13.62
25628501 279325185 279325193 14.45
25628503 279325202 279325203 13.26
25628506 279325221 279325222 10.41
25628507 279325224 279325226 10.77
25628523 279325605 279325599 29.97
25628525 279325609 279325616 3.3
25628612 278544847 279326621 3.29
25628630 278544847 279326636 16.23
25628634 279326632 279326666 6.5
25628647 278544845 279326806 27.24
25646109 279056582 279056582 33.34
25646110 279056582 278682316 2.18
25646290 279563953 278286670 79.07
25646364 278742787 278958416 5.53
25646432 278956840 279060787 7.49
25646455 278253178 278252555 19.06
25652746 279636205 278591932 9.75
25652755 279636238 278243382 5.87
25652775 279636347 279636359 7.81
25652785 279636445 279636445 27.04
25652798 279636730 278247291 7.51
25652815 279636755 279636755 41.58
25652844 278247291 278242837 45.98
25653026 279638061 279638071 17.89
25653041 279638113 278360328 4.75
25653055 279638354 278237140 7.44
25653061 279638467 279638474 5.89
25653083 279638749 278274464 5.87
25654437 279085903 279653185 9.31
25654441 279653213 279653391 6.51
25654443 279085533 279653313 6.41
25654471 279653446 278425363 6.27
25654483 278742887 279653658 25.18
25654487 278866522 279653796 22.17
25670997 278417013 278416224 5.78
25677540 278745720 279923945 4.51
25677672 278711726 279924589 4.2
25677844 279926404 281578592 22.26
25677925 278247096 279926677 10.49
25703967 280240659 280240671 9.01
25703984 280240873 278677961 4.11
25703986 278677961 278275056 107.17
25704000 280241070 278438666 5.24
25704020 281574672 278438268 25.65
25738800 280695381 280695525 24.55
25738805 278744213 280695438 27.03
25738830 280695388 280695851 3.97
25738846 278744017 280696038 14.84
25738861 280696235 280696235 41.25
25738866 280696435 280696435 14.11
25739798 278417058 281580586 28.41
25761070 280948815 280948815 9.98
25761076 280948844 280948859 14.99
25761107 278215555 280949155 42.33
25761116 280949218 280949259 3.36
25761119 280949257 280949356 14.48
25761136 280949595 280949595 93.7
25761145 278286797 280949759 11.79
25761164 280950161 280950161 65.77
25761169 280950175 280950175 42.2
25761193 280950289 280950289 65.36
25761227 280950558 280950558 57.87
25761232 280950630 280950630 16.53
25761235 280950656 280950656 9.88
25761237 280950790 280950790 9.45
25761252 280950856 280950856 20.82
25761254 280950872 280950872 10.3
25761255 280950876 280950876 9.65
25761257 280950881 280950881 9.04
25761259 280950899 280950899 11.83
25761262 280950914 280950914 11.66
25761276 280951077 280951077 11.35
25761283 280951148 280951150 9.23
25761286 280951149 280951153 1.3
25761298 282505638 280951204 33.82
25761387 280952868 280952868 171.06
25761397 280953362 280953362 10.45
25761399 280953476 280953476 16.07
25761407 280953577 280953625 6.63
25761414 280953919 280953927 56.05
25761431 280954076 280954076 28.86
25761438 280954211 280954211 42.68
25761442 280954258 280954258 39.37
25761444 280954287 280954287 37.73
25761447 280954350 280954350 38.23
25761455 280954691 280954691 46.74
25761486 280955372 280955372 46.0
25761522 278564776 280955612 8.34
25761536 280955795 280955795 31.72
25761542 280956002 280956002 82.52
25761587 280956745 280956745 39.56
25761594 280956969 280956969 53.18
25761640 280957820 280957820 38.42
25761644 280957869 280957869 15.74
25761666 280958127 280958127 31.19
25761714 280958814 280958814 89.72
25792906 281334437 281334441 14.78
25792926 278357830 278357857 73.74
25792953 281335061 278621791 16.47
25793015 281335896 278412857 5.12
25793020 281335948 278412857 8.59
25793059 278744386 281336402 62.84
25793208 281338747 278284820 8.43
25793263 281339452 281339454 6.52
25797292 281384825 281384834 33.79
25797294 281384835 281384840 15.68
25810692 281523665 281523670 8.74
25810883 281525925 281525791 11.04
25810907 281525930 281525932 2.96
25811044 278642193 281526971 24.18
25811046 281526997 281526980 5.09
25811048 281526978 281526985 3.22
25811067 281527127 279112300 23.45
25811069 281527164 281527165 8.32
25811079 281527217 281527218 3.53
25811091 281527306 279112378 16.83
25811095 281527362 278642240 3.41
25811130 281527549 281527553 7.56
25811141 281527672 278768512 11.41
25811292 281529083 281529091 20.19
25811297 281529235 281529237 4.93
25811309 281529615 278623060 14.71
25811370 281530050 279043104 14.52
25811433 281530649 281530663 9.64
25811438 281530689 278742812 5.17
25811452 281530844 281530845 4.16
25811573 281532312 281532314 6.82
25811574 281532325 281532363 8.91
25811578 281532359 278603317 4.09
25811588 281532388 281532391 7.25
25811625 281532720 281532730 18.82
25811628 281532764 278871907 1.68
25811718 281533417 281533419 4.43
25811765 278607324 281533755 27.58
25811815 281534526 278206783 3.54
25811819 281534749 281534751 11.37
25811835 281534750 281534933 2.03
25811838 281535001 281535003 2.2
25811847 279037941 354923117 7.04
25811848 281535359 281535360 3.53
25811851 281535499 278607347 3.52
25811853 281535619 278871574 8.77
25811872 278607348 281535843 11.86
25811930 281536416 281536417 6.64
25811934 281536487 281536451 6.9
25811937 281536462 281536464 2.13
25811950 281536594 281538276 12.11
25811953 279037949 278289392 5.98
25811959 281536645 281536648 7.47
25811988 281539485 281536930 6.04
25811992 281536976 281536928 8.96
25812027 281537086 281539486 5.85
25812260 278607420 281539484 10.48
25812280 281539597 281539604 21.37
25812293 281539661 278427879 4.19
25812296 281539668 278767542 5.02
25812298 281539686 281539687 2.1
25812300 281539700 281539687 2.78
25812302 281539700 281539701 3.0
25812311 281539789 278767539 7.52
25812325 281539884 281539892 20.98
25812336 281540077 281540082 7.86
25812340 281540143 281540151 15.55
25812639 281543594 278761796 13.87
25812646 281543667 281543670 7.36
25812688 281544075 281544057 4.55
25812704 281544279 281544318 4.29
25813338 281554503 278646901 23.3
25814588 281566186 278646813 3.64
25814602 278864582 281566247 10.61
25814604 281566246 281566345 5.97
25814607 281566365 281566366 4.36
25814610 281566390 281566401 17.21
25814618 281566464 281566467 7.1
25814621 281566519 278642707 9.19
25814637 281566631 281566634 10.59
25814639 281566633 281566637 4.65
25814642 281566632 281566674 4.66
25814672 281567357 281567362 15.43
25814682 281567587 278774444 25.95
25814698 281567587 281567799 121.08
25814708 281567871 278867574 42.36
25814717 281567949 281567952 5.41
25814725 281568100 278867043 23.39
25814743 281568065 278866979 24.51
25814804 278552844 281568327 12.89
25814805 281568348 278552632 4.26
25814817 281568374 281568380 12.65
25814828 281568430 281568435 13.85
25814831 281568459 281568462 4.38
25814836 278256594 281568562 19.89
25814852 281568817 281568819 4.9
25814860 281568952 281568953 4.85
25814921 281569455 278681380 63.14
25814933 281569530 281569539 21.25
25814953 281569676 281569709 8.34
25814966 281569713 281569709 19.11
25814976 281569791 281569826 18.51
25814978 281569839 281569841 6.04
25815021 281570203 278252575 21.38
25815033 281570287 281570288 6.28
25815081 281570506 278254805 38.03
25815085 281570543 281570515 14.08
25815109 281570663 278248455 10.58
25815114 281571050 281571076 92.69
25815127 281571081 281570974 4.05
25815207 281571702 281571697 12.17
25815208 281571698 281571701 7.3
25815239 281572047 278504474 3.88
25815295 281572336 281572371 12.16
25815310 281572358 278830739 18.08
25815313 281572385 281572336 7.4
25815316 281572522 281572336 6.06
25815318 281572525 281572612 2.46
25815377 281572818 281572829 13.92
25815386 281572990 281572965 12.78
25815447 281573649 278243769 4.75
25815493 281573968 278675821 67.96
25815507 278675529 281574212 2.09
25815571 281575162 278677422 7.01
25815580 278360350 281575191 6.07
25815596 278677213 281575499 13.95
25815602 281575503 281575515 34.49
25815626 281576040 281576050 16.18
25815635 281576211 281576225 13.21
25815669 281576294 281576299 11.55
25815675 281576343 281576347 13.36
25815709 281576578 281576584 17.38
25815721 279059063 281576759 104.4
25815765 281577816 281578076 4.36
25815842 278234892 281578361 6.99
25815906 279926412 281578756 6.69
25815912 281578839 281578756 6.48
25815978 281579187 278423423 4.95
25815989 281579216 281579248 4.42
25816021 281579586 281579590 7.53
25816051 281579685 278675165 7.98
25816053 281579690 281579691 7.5
25816060 281579704 281579705 5.72
25816061 281579713 281579714 3.44
25816065 281579736 281579737 3.34
25816067 281579752 281579753 6.16
25816068 281579758 281579760 9.54
25816079 281579871 281579875 7.58
25816093 281580247 279034136 11.68
25816132 281581124 281581294 69.63
25816205 278360350 281581303 7.14
25816247 281581580 281581586 10.63
25816259 281581699 281581713 26.65
25816270 281581791 281581799 21.78
25816304 281582381 281582387 11.49
25816308 281582541 278289231 14.12
25816380 281582965 281582966 7.86
25816381 281582979 281582983 12.76
25816479 281583988 281583990 3.78
25816500 281583997 281583998 4.18
25816501 281584011 281584018 22.67
25816635 281585453 281585470 47.61
25819719 281624807 281584018 6.72
25819722 281624847 281624851 25.69
25819732 281624941 278420977 15.84
25819768 281625212 281625218 20.63
25819782 278417035 281625323 12.03
25819788 281625365 278415506 23.24
25819818 281625795 281625799 17.56
25819827 281625983 281625986 9.81
25819828 281626008 281626015 17.26
25819841 281626022 281626035 35.51
25819846 281626067 281626069 3.11
25819847 281626113 281626126 45.76
25819853 281626177 281626069 18.52
25819859 281626281 281626284 10.65
25819868 278598587 281626327 7.45
25819890 281626371 281626372 1.44
25832513 278665355 281768226 2.12
25836768 281812498 281812528 79.92
25836894 281813736 281813736 3.69
25837158 281816143 281816143 2.74
25837159 281816126 281816156 18.43
25837160 1428417044 281816142 106.69
25837161 281816169 281816171 5.31
25837162 281816172 281816180 13.76
25897024 282488398 282488463 40.87
25897027 282488408 282488442 9.36
25897055 282488755 282489124 5.63
25897057 278224759 282489030 13.49
25897065 278427877 282489063 8.74
25897083 282489224 278220067 7.64
25897086 282489243 278643673 10.34
25897098 282489395 282489519 9.62
25897124 282489695 278641861 7.66
25897125 282489707 278641857 7.1
25897128 282489760 282489764 7.01
25897132 282489845 282489848 8.81
25897140 282489846 282489761 3.72
25897146 282939908 282490099 5.24
25897155 282490174 278427941 11.44
25897157 282490178 282490179 18.0
25897161 282490280 282490285 23.99
25897168 282490355 278427206 9.07
25898156 282504779 282504781 6.14
25898164 282504988 278607807 3.83
25898230 282505608 278543824 8.15
25898272 282505647 282505641 8.61
25898275 282505659 282505667 14.94
25898276 282505671 282505672 9.06
25898281 282505708 282505710 5.1
25898286 282505753 282505760 14.69
25898290 282505809 282505818 29.54
25898292 282505826 282505813 4.18
25898297 282505848 278544130 8.67
25898299 279325015 282505910 11.97
25898311 282505906 282505934 10.12
25898319 282506019 282505907 3.53
25898320 282506022 282506026 7.49
25898321 282506028 282506033 30.26
25898322 278858960 282506031 9.84
25898326 282506037 282506064 9.85
25898330 282506089 282506090 5.92
25898344 282506206 360495379 10.98
25898348 282506213 282506220 13.17
25898349 282506227 278357987 13.46
25898351 282506263 282506283 14.36
25898359 282506422 282506437 40.27
25898379 422659179 282506970 19.39
25898380 282506977 282506984 15.94
25898386 281527129 282507107 10.23
25898419 1108471644 282507280 22.05
25898420 1108471698 279112299 17.21
25898424 282507315 282507340 12.68
25898425 279112099 278623159 12.37
25898481 279112099 279112077 20.84
25898501 282507994 282507996 5.29
25898506 282508007 282508015 20.02
25898512 282508032 282508034 6.93
25898530 282511289 278958433 19.03
25898578 282508833 282508835 3.82
25898586 282508896 278742850 6.95
25898588 282508925 282508917 6.96
25898589 282508921 282508924 4.3
25898591 282508971 278853084 19.94
25898596 282508999 278425264 7.28
25898599 278425366 282509011 8.11
25898730 282510295 282510296 10.66
25898792 282511261 282511263 2.3
25898794 282511282 282511283 3.32
25898798 282511290 282511308 4.09
25898836 282512031 282511855 16.46
25898859 282923378 282512100 9.44
25898867 282512098 279043694 15.57
25898870 282512275 282512281 12.86
25898904 282512596 282512675 5.38
25898908 282512697 282512701 7.65
25898912 282512708 282513199 3.95
25898955 282513887 282513892 10.55
25898960 282514052 282514117 28.78
25898975 282514325 282514168 6.75
25898987 282514431 282514435 8.98
25899093 282516451 282514340 9.46
25899113 282516788 282516793 12.69
25899745 282522870 282522875 8.28
25899748 282522895 279044781 7.9
25899753 282522912 282522914 7.93
25899758 282522929 282522934 12.16
25899822 282523428 282523432 9.05
25899845 279048901 279049084 18.47
25899853 282523681 282523685 10.65
25899862 282523778 279048906 3.07
25899947 282524953 278279861 5.29
25899950 282524989 278279824 16.03
25899961 278276092 282525081 12.81
25899968 282525113 642380834 65.93
25899992 282525837 278275750 9.3
25900060 282525972 282525978 13.31
25900064 282526132 282526143 9.46
25900177 282528259 278243765 2.69
25900191 110015611 108698615 0.0
25900194 282528705 278237141 2.62
25900195 108698615 110174617 329.74
25900198 110174617 108493272 219.18
25900199 108493272 110175935 638.45
25900210 110175935 110156828 0.0
25900223 110156828 110012286 448.05
25900269 282529481 271775470 5.91
25900282 282529605 271775468 6.32
25903557 282563782 282563847 9.71
25903580 278757700 705912234 8.14
25921742 108442319 278863711 0.0
25934906 282897010 278859350 6.14
25937208 282923300 282923303 4.2
25937211 282923346 282923347 1.86
25937216 282923378 279043690 5.22
25937235 282923841 279043494 7.15
25937242 282923922 282923923 4.38
25937244 282923943 282923946 12.55
25937247 282923952 278623103 7.9
25937251 282923976 278604427 3.86
25937256 282924032 282924034 5.7
25937261 282924061 278623111 7.08
25937264 282924083 282924091 15.36
25937266 282924093 278604374 11.11
25937267 282924239 282924241 3.52
25937280 282924350 282924356 11.2
25937384 282925181 282925188 16.27
25938621 282933890 278604353 44.02
25938631 282933932 282933980 11.35
25938633 282933955 282933957 6.26
25938636 282934046 282934051 10.33
25938641 282937592 282933890 9.11
25938645 282934112 279035435 8.02
25938647 282934570 282934144 8.99
25938655 282934291 282934310 5.99
25938656 282934298 282934300 6.98
25938657 282934293 279042967 11.17
25938701 282934779 282934786 23.11
25938717 282934839 282934845 12.98
25938739 282935099 282935102 6.58
25938771 282935654 278853410 6.4
25938774 282935677 282935681 4.76
25938775 282935683 278853430 6.13
25938791 282936124 282935961 7.71
25938814 282936580 282936603 25.12
25938905 282938482 278768517 11.22
25938907 282938686 279036140 5.53
25938910 282938802 282938642 3.03
25938921 282939095 282939110 11.36
25938924 282939279 282939280 2.68
25938929 282939747 279041992 33.37
25938950 282940067 282940068 4.38
25939750 282951181 282951184 6.96
25939767 282951254 282951181 15.48
25939768 282951277 278641868 5.45
25939770 282951288 282951290 6.91
25939778 282951420 282951424 8.88
25939798 282951601 282951602 9.79
25941080 278644084 282967598 10.23
25941084 282967634 282967637 3.2
25941150 282968005 278428700 3.97
25941152 282968114 282968117 8.04
25941159 282968411 282968413 5.03
25941169 282968481 278633967 9.31
25941173 282968493 282968538 3.76
25941176 282968496 282968499 7.24
25941177 282968500 282968503 7.9
25941178 282968511 282968514 10.21
25941181 282968526 282968537 27.08
25941183 282968540 282968542 5.28
25941188 282968601 282968602 3.27
25941189 282968618 282968620 9.38
25995938 278288328 283600079 7.49
25995944 283600079 278288422 36.92
25996178 281539600 283603474 6.02
26071256 285117940 285117940 0.0
26208932 286985740 286985740 8.33
26208935 286985773 286985773 8.23
26282554 278601364 278508412 3.46
26365878 288865489 288865490 0.35
26366440 278207424 278207262 4.95
26385373 289055376 289055376 43.0
26385551 278954445 278426069 4.73
26393710 278425909 289145718 7.12
26393718 278954520 289145798 8.75
26393721 278426212 278426069 6.64
26486673 278958348 290287022 4.85
26486828 278215630 278215631 9.62
26486829 278215631 278215666 81.7
26486903 278289384 1334156015 2.52
26564640 291212872 291212874 7.84
26564643 291212873 291136022 4.49
26564744 291213908 291213743 3.76
26580851 291476380 291476380 38.2
26591585 278641499 291620718 118.42
26591587 278633888 291620746 110.3
26592308 291622411 291629218 52.0
26592309 291629201 291629203 6.51
26600961 291720145 291720147 5.22
26600998 291720628 279031789 69.86
26601008 291720621 291720625 12.38
26671952 278598984 292533331 8.21
27591840 302976560 271612896 31.34
27591841 302976567 302976569 11.0
27591843 302976570 302976570 59.2
27591844 302976575 1436277025 22.86
27591989 271775883 302976656 0.0
31718352 354887388 354887715 9.23
31718400 278288174 354887853 13.91
31718470 278215666 278215671 14.59
31718657 278636273 354891051 23.71
31722245 278289384 278215601 70.05
31722259 1334155912 278289384 2.09
31732784 355045624 355045736 8.08
31732822 278755946 278760172 25.41
31732824 278755946 278755947 4.3
31785818 278862126 278862134 29.5
31786059 278862126 355864514 9.21
31786164 355864514 355865974 4.27
31786188 278871809 278871813 7.73
31786191 278871813 278871784 3.65
31786241 278871774 278871777 8.79
31786255 278871771 278871809 14.88
31786257 278871771 278865928 66.91
31786490 278871803 355867831 23.21
31786567 360653794 279034835 2.83
31786635 278773934 278774506 32.41
31786798 278867658 278867570 50.91
31786808 278867658 278868123 28.13
31786823 278868122 278868123 2.01
31786955 278868308 278866993 33.91
31786995 278868295 278868308 34.73
31804976 278242847 278242938 15.97
31804977 360480310 278242493 247.35
32085671 278234105 278234679 24.17
32085676 278548116 278234106 5.07
32087151 360250848 360250849 3.1
32087289 278958257 360252596 2.91
32087538 360252601 647304254 1.68
32087549 360252596 360252601 4.0
32087679 360252601 360250848 3.49
32087850 360250849 278425774 0.53
32087878 279110519 278426186 1.62
32105872 278426068 278426186 5.62
32106078 278426401 279060797 24.1
32106265 278958268 278958257 16.79
32106426 278426186 278954493 6.23
32107159 360668181 279110519 31.01
32107449 360252596 279110525 12.85
32107804 279060787 278956836 4.56
32108024 278625635 278604633 89.8
32108051 278603119 278603330 51.92
32108067 278603167 278508973 3.98
32108244 279112077 279112037 29.44
32108346 278643314 278428631 87.71
32108399 279039786 278643110 34.12
32108416 278643160 278643314 19.6
32108744 278871803 278871809 14.86
32108753 355867831 278603398 35.96
32108911 278861821 278207887 18.47
32109010 278206770 1334155912 47.79
32109504 279034846 279034856 18.5
32109580 278773939 278604332 18.65
32109581 278773938 278773939 2.94
32117918 278644488 278644494 14.98
32117945 278644385 278636280 17.13
32117949 278636280 278428288 10.24
32117966 278636273 278636280 48.98
32117989 360468992 360468993 5.93
32118008 278545633 278545657 23.49
32118035 278866993 278867019 51.13
32118043 278867043 993880055 8.17
32118106 278868123 278641608 30.18
32118133 278867574 278774451 29.13
32118136 278867570 278867574 9.75
32118147 281567871 278774457 43.35
32118163 278774531 278774506 34.4
32118548 360473990 278773937 5.3
32118550 278773937 278773938 2.86
32118667 278692410 278274439 129.1
32118821 278275058 278274439 76.85
32118863 278242493 278242288 52.48
32118868 278242493 278242572 32.02
32118969 360480036 278242870 75.5
32119351 278233551 278233558 46.45
32119663 360483547 360483145 56.74
32119750 360483940 360483951 20.56
32119751 279059522 278240056 5.48
32119887 360485336 360483145 51.56
32120651 278599282 278599294 78.51
32120714 278871941 278871945 10.23
32120721 360495379 282506195 4.31
32120723 278871922 278871927 14.89
32120822 360259670 360341745 7.5
32120834 360497206 360497209 3.24
32128053 278600267 278958276 2.61
32128311 279034857 282934998 20.19
32128515 279034835 279034846 15.74
32151550 360977974 360977976 4.76
32151681 360981054 278253187 12.27
32151821 278416664 278416668 12.9
32151822 278416668 360986145 154.82
32151862 278677214 278417068 125.78
32151868 278416664 278677214 21.83
32151887 278360345 278360350 29.67
32151997 360986519 360986628 169.83
32196543 278425738 278359780 39.55
32196599 278222713 653929262 0.6
32196633 278221793 278414395 48.95
32196794 354887388 278288066 27.54
32196816 278792662 361069995 4.33
32196872 278792662 278792665 12.01
32196873 278562127 281526560 39.85
32197131 278426728 278607441 6.15
32197133 278607441 278426737 22.71
32197159 278859154 278426724 5.12
32197432 361078965 361078967 12.7
34263411 278292064 392964070 88.1
34263420 392964069 392964161 9.28
34263426 392964070 392964209 7.69
34263432 278789867 278292509 10.89
36211177 278865928 278865938 14.9
36211180 278927173 278927175 9.31
36211183 278871900 278871904 12.47
36214552 278294240 354887388 73.17
36214553 278294150 278294152 8.38
36214554 422692443 422692452 6.99
36214555 422692452 278294240 9.42
41007737 278863711 108442319 0.0
48562976 278359780 278425774 30.66
48562977 278426185 278426212 5.6
48564578 278426079 278426093 23.36
48564580 278426068 278426069 3.58
48608573 616882500 617333913 5.29
48608959 617337019 617337016 5.65
48611292 617361461 617361461 28.23
48611296 278501589 278426075 22.18
48611784 617366512 617366512 14.68
50409800 278426212 640454473 2.91
50501687 642344524 642344518 14.03
50501688 642344551 642344551 14.21
50502857 282525113 282525078 6.46
50503759 642402805 642403040 43.23
50503761 642344535 642402780 25.42
50576737 643654695 643654695 5.03
50576739 643653881 643653881 6.37
50576740 643654112 643654112 6.3
50576741 643654530 643654530 6.3
50576742 643654771 643654771 18.77
50584926 643755730 278207414 25.84
50584927 278958273 643755812 18.17
50586393 278954493 278958257 1.3
50586396 279060785 278954482 5.62
50590362 640501899 640501899 5.61
50590363 643890495 645533666 85.35
50590364 643890516 643890439 1.35
50590366 643890636 643890636 11.81
50683396 645533364 645533391 4.65
50683401 645533482 645533503 0.3
50683407 645533503 278844705 95.27
50683421 645533553 645533576 4.71
50691148 645571309 278291606 6.54
50691149 278207887 278207424 54.43
50692386 278954445 278426186 10.19
50692387 278954445 278426079 26.07
50692388 278425924 289145820 17.74
50692392 278954504 278425910 3.93
50692395 278426069 278425924 8.78
50834182 360341754 648354932 34.05
50834191 648355375 648355375 17.24
50834193 648355846 648355726 1.26
50834201 648355726 648355804 0.54
50918221 649265044 649265044 51.39
50943337 278680211 649615160 8.09
50943338 279109181 278679360 1.84
50943340 279109180 279109181 0.96
50943341 278277443 278412114 84.13
50943342 279108920 281816142 62.15
50943344 278415537 279108920 20.31
50943346 278286759 278658907 63.03
50943349 278419462 278358360 113.38
50943350 649616607 278288983 0.87
50943351 649616650 278288975 0.91
50943352 649616416 649616563 0.97
50943353 278288977 649616650 0.95
50943361 649616563 278288979 0.78
50943370 278358967 278358968 0.68
51231157 278599275 278425738 17.18
51231158 278599275 278692410 186.64
51231159 278237122 360480310 2.78
51231160 360484930 360484931 1.09
51244967 653929183 653929183 82.69
51244970 1334155925 653929254 1.47
51244972 278222714 278412862 84.18
51244975 653929262 278222714 1.79
51245261 653934645 653934645 36.43
51245802 361069995 361069995 23.14
51426645 656484460 656484460 36.99
51426646 656484484 656484483 1.07
56215090 278624050 278646427 77.03
56215091 278624097 278604452 8.42
56215092 278624097 278624061 5.65
56215093 705465071 705465073 42.13
56215094 279039800 278643665 14.53
56215095 278643669 278643677 14.88
56215096 278646427 279039865 7.33
56249194 705912236 705912246 0.0
56249195 705912247 705912252 6.29
56249196 705912253 278757703 9.56
56249197 705912258 705912253 22.68
56249243 705913722 705913729 6.23
85667145 278867652 278868295 14.18
85765822 278764329 278764861 73.24
85769243 995559026 995559027 6.2
86307133 1002335322 278927173 7.18
86575567 278643677 278641868 18.04
86963404 278643665 278643669 13.05
86972214 1011833485 278604453 4.75
86972215 279042648 279041981 18.95
87008675 278289128 649616650 36.33
87016446 1012241067 1012241070 15.89
87095368 1012878561 278624616 47.68
87095369 1012878596 1012878573 3.25
87298547 278288061 278288066 13.94
87353460 1015826425 281554503 17.53
87353461 1015826426 281554503 7.9
87353462 281554503 1015826495 13.24
87353466 1015826495 1015826525 24.03
87353467 1015826431 1015826444 29.83
87353468 1015826644 1015826649 4.89
87512534 278564593 1018050067 6.83
95600942 278768923 278642185 7.34
95600943 1108471536 278768839 19.77
95600945 279112297 279112299 5.16
95600946 279112361 282507162 4.25
95600949 1108471626 278768923 4.16
95600958 1108471637 278604468 14.78
95600959 279112299 278625643 30.97
95600960 279112337 279112297 1.55
95601664 279112332 279112337 11.47
106467310 1224771376 1224771397 9.22
106467311 1224771410 1224771379 1.87
106467313 1224771372 1224771401 7.13
106467314 1224771388 1224771368 9.6
106467315 1224771375 278233155 2.15
106467316 1224771371 1224771376 15.42
106603174 1226225551 278600215 0.0
109318082 1251787847 1251787847 12.44
109318083 1251787841 1251787841 21.42
109318084 1251787795 1251787795 14.92
109318085 1251787860 1251787860 13.25
109318088 1251787770 1251787770 15.43
109318089 1251787839 1251787839 14.44
109318092 1251787891 1251787891 13.34
109319296 1251806671 1251806671 11.89
109319298 1251806669 1251806669 11.39
109319299 1251806694 1251806694 13.61
109319302 1251806683 1251806683 10.24
109319304 1251806656 1251806656 11.68
109319305 1251806715 1251806715 8.32
109319307 1251806699 1251806699 11.26
115932612 1308406007 1308406008 0.98
115932613 1308406003 1308406003 0.0
115932614 1308406002 1308406029 2.14
115932748 1308407622 1308407650 16.27
115932750 1308407621 1308407631 33.77
118671435 1334155918 1334156004 84.88
118671436 1334156014 1334156014 6.65
118671444 1334156278 1334156277 2.91
127576473 279043249 1411643843 20.2
127576485 1411643852 1411643872 32.89
127576490 1411643827 1411643879 12.27
127576504 278599294 1411643918 39.52
129471657 1428379214 1428379294 18.74
129471658 1428379325 278665450 11.49
129471659 1428379216 1428379230 17.58
129471660 1428379232 1428379231 12.4
129471661 1428379225 1428379324 19.01
129475947 278595623 278961371 15.37
129475948 1428416962 1428417063 13.7
129475949 1428417076 1428417101 7.2
129475950 278424632 1428417300 5.88
129475951 281581133 1428416961 24.06
129475952 1428417415 1428416938 11.32
129475954 279299857 278677541 34.86
129475955 278424507 1428417212 11.01
130386184 1436254132 271775785 17.66
130386185 1436254127 271775765 41.11
130386186 1436254038 271775598 41.92
130386187 271775507 1436254114 5.2
130386188 1436254124 1436254104 6.35
130386189 1436254149 1436254155 6.41
130386190 271775508 1436254113 12.13
130386191 1436254131 1436254107 11.7
130386192 271775510 1436254135 5.38
130386193 1436254053 271776025 9.14
130386194 271775485 1436254050 16.98
130386195 1436254187 271775788 15.87
130386196 1436254151 1436254183 14.62
130386197 271776019 1436254051 23.26
130387065 1436276644 271611573 30.34
130387068 302976560 271608537 33.3
130387069 1436277019 1436276904 30.6
130387070 1436276683 271611569 30.36
130387071 271609331 271609434 96.31
130387072 1436276549 1436276502 72.63
130387073 271608499 1436276565 38.87
130387074 1436277046 1436276822 29.37
130387075 271608537 271608563 82.89
130387076 271611573 1436276729 91.4
130387077 271612906 1436277016 9.29
130387078 1436276932 1436276930 15.83
130387079 1436276636 1436276593 16.56
130387080 1436277191 1436277191 8.38
130387081 1436276563 1436276552 6.13
130387082 1436277422 1436277422 14.2
130387083 1436277500 1436277500 109.26
130387084 1436277120 1436277120 126.88
130387085 1436277195 1436277195 6.78
130387086 1436277241 1436277241 253.16
130387538 1436288160 278291591 28.4
130387539 1436288221 1436288221 7.41
130387540 1436288193 1436288193 7.9
130387541 1436288198 1436288198 10.29
130387542 1436288216 1436288216 10.67
130387543 1436288228 1436288228 7.93
130387544 1436288181 1436288181 11.74
130387545 1436288223 1436288223 9.74
130387546 1436288200 1436288200 9.73
130387547 1436288191 1436288191 15.37
130387548 1436288198 1436288198 13.9
130387549 1436288224 1436288224 14.89
133778243 1472376409 1472385940 15.3
