1371166847 32.9883478 -96.9975746
26450263 32.9890496 -96.9993453
965542864 32.9903354 -97.0026256
26450262 32.9905615 -97.0033364
965542934 32.9907179 -97.0041866
81986097 32.9908394 -97.0050503
81986066 32.990529 -97.0066752
308906690 32.9905964 -97.0058871
308906691 32.9905938 -97.0051474
308906692 32.9905074 -97.0043406
308906693 32.9903923 -97.0037055
26450261 32.9901295 -97.0027785
26450265 32.9888157 -96.999517
26451913 32.9879863 -96.9974589
26451920 32.9866364 -96.9940472
26451924 32.9864204 -96.9927382
26451917 32.9868524 -96.9940042
26450280 32.9883657 -96.9993668
26451913 32.9879863 -96.9974589
26451915 32.9880043 -96.9967079
26450276 32.9892529 -96.9988979
26451935 32.9894261 -96.9916224
26451934 32.9894621 -96.9934034
26451922 32.9861504 -96.9927382
965542865 32.9858853 -96.9916607
965542866 32.9857548 -96.9908668
26452033 32.9856874 -96.9900299
308906771 32.9856839 -96.9889941
26452034 32.9857683 -96.9880612
965542867 32.9858853 -96.9873209
26452076 32.9860608 -96.9864733
26452035 32.9864973 -96.9852234
308906824 32.9869248 -96.9843544
26452036 32.9875269 -96.9833379
26452086 32.9868078 -96.9852127
26452037 32.9866818 -96.9855077
26452036 32.9875269 -96.9833379
26452133 32.9891202 -96.9809365
26452138 32.9926571 -96.9751651
308906844 32.9923422 -96.9760824
26452139 32.9918382 -96.9771553
26452135 32.9912799 -96.978147
26452115 32.990362 -96.9795632
965542933 32.9899347 -96.9802235
26452116 32.9893901 -96.9810653
965542929 32.9913695 -96.9784729
965542930 32.9910868 -96.9787754
965542931 32.9908214 -96.9791026
965542932 32.9904659 -96.9795961
965542933 32.9899347 -96.9802235
26451935 32.9894261 -96.9916224
26452160 32.9893541 -96.9891548
26452161 32.9894801 -96.9880176
26452162 32.9899301 -96.9863439
26452163 32.990398 -96.9853997
26452164 32.9910999 -96.9846058
26452165 32.9921618 -96.9840693
26452166 32.9927737 -96.9832969
26452167 32.9930077 -96.9820309
26452168 32.9932596 -96.9802499
26452168 32.9932596 -96.9802499
26452169 32.9934576 -96.9791341
26452170 32.9942315 -96.9775677
26452171 32.9948074 -96.976366
26452156 32.9949874 -96.9755936
26452157 32.9950234 -96.975379
26452137 32.9924232 -96.9750632
26452153 32.9927111 -96.9740118
26452174 32.9937456 -96.9693279
26452173 32.9934445 -96.9711257
965542871 32.9931431 -96.9730569
26452152 32.9929361 -96.9740761
26452175 32.993584 -96.9687493
333861670 32.99362 -96.9685669
26452191 32.9954013 -96.9650578
26452189 32.9946814 -96.9663453
26452187 32.9941055 -96.9676542
333861681 32.9939574 -96.9682236
81948743 32.992809 -96.971584
35381183 32.9932355 -96.9700765
26452175 32.993584 -96.9687493
26452190 32.9952753 -96.9648218
26452196 32.9971645 -96.9622739
262664298 32.9975322 -96.9617854
26452214 32.9990006 -96.9599295
26452231 33.0008598 -96.9573829
262663942 33.0021771 -96.9556491
26452230 33.0027242 -96.9549453
312688417 33.0032424 -96.9542758
262663941 33.0031561 -96.954808
26452235 33.0028393 -96.9552286
26452232 33.0010542 -96.9575889
26452215 32.9991034 -96.9601381
472245444 32.9969647 -96.9629552
26452195 32.9964832 -96.9636657
26452191 32.9954013 -96.9650578
26452281 33.0048855 -96.9526828
26452272 33.0041998 -96.9537952
26452273 33.0024722 -96.9565074
26452226 32.997021 -96.9534707
26452225 32.9981028 -96.9552886
472245460 32.99847 -96.9556835
312688411 32.9989467 -96.9560376
26452264 32.9995065 -96.9562843
312688413 32.9999744 -96.9563272
26452265 33.0003991 -96.9562757
312688414 33.0010182 -96.9560525
26452266 33.0014717 -96.955692
26452267 33.0030337 -96.9540613
472245463 33.0045481 -96.9522054
472245464 33.0051465 -96.9515402
472245465 33.0056106 -96.9510057
26452280 33.0061864 -96.9504306
471716232 32.9983596 -96.9580067
471716234 32.9981585 -96.9575665
471716235 32.9978777 -96.9568111
471716236 32.9975682 -96.95597
312688722 32.9971673 -96.9549659
312688402 32.9943085 -96.9492931
26452226 32.997021 -96.9534707
26452282 33.0095693 -96.9466026
26452281 33.0048855 -96.9526828
26452283 33.0093606 -96.9463365
26452299 33.0116768 -96.9434479
26452306 33.0146198 -96.9405103
26452301 33.0123461 -96.9430874
26452303 33.0143319 -96.9402099
26452324 33.0156994 -96.9390082
26452327 33.016761 -96.9380856
262663754 33.0181897 -96.9370233
26452492 33.0221734 -96.934641
26452332 33.0194238 -96.9366479
262663916 33.0183912 -96.9373666
26452494 33.0227655 -96.9342129
26452492 33.0221734 -96.934641
26452491 33.0220322 -96.9343653
26452493 33.0226223 -96.9339714
473235054 33.0354 -96.9242831
473235088 33.0353401 -96.9240964
81948884 33.0407976 -96.9223083
35381833 33.0419155 -96.9225692
473240082 33.042805 -96.9226688
26453307 33.0434165 -96.9228319
26452493 33.0226223 -96.9339714
26452497 33.0236516 -96.933214
26452497 33.0236516 -96.933214
26452499 33.0264446 -96.9312084
26453211 33.0285031 -96.9296579
26453212 33.0316041 -96.9274834
473232426 33.0327339 -96.926668
26453213 33.0349357 -96.925123
26453301 33.0364828 -96.9239815
473232429 33.0371519 -96.9235523
473232430 33.0377491 -96.9232433
26453303 33.0383944 -96.9230035
473240067 33.0388837 -96.922892
473240069 33.0394593 -96.9227804
26453305 33.0400133 -96.9227289
26453307 33.0434165 -96.9228319
26453318 33.0441864 -96.9228576
473240019 33.0448627 -96.9228233
473240020 33.0455678 -96.9227375
26453319 33.0462081 -96.9225916
26453333 33.0468844 -96.9223684
81948680 33.0503345 -96.9213362
476207526 33.0499244 -96.9215421
476207527 33.0493417 -96.9218941
35382473 33.0488872 -96.9221229
26453331 33.0481893 -96.9223289
473240018 33.0473248 -96.922524
26453666 33.0925061 -96.822965
1373774554 33.0889679 -96.8229872
772796912 33.0929669 -96.8054694
772796913 33.0938208 -96.8053381
1371477607 33.0942735 -96.8052809
772796832 33.0944124 -96.8052634
26454026 33.0950501 -96.8051973
1371470533 33.095983 -96.8051542
26454012 33.0965995 -96.8051257
1371470529 33.0975021 -96.8051077
26454016 33.0978982 -96.8050998
1371470570 33.0981785 -96.8050969
1371470562 33.0984638 -96.8050941
26454014 33.0987373 -96.8050913
772796914 33.0995462 -96.8051128
772796915 33.1002832 -96.8051664
772796819 33.1008883 -96.805253
772796916 33.1022701 -96.8054335
26454137 33.1380177 -96.6902051
26454133 33.139545 -96.6910634
26454134 33.1406914 -96.6916065
269015223 33.1455496 -96.6941814
269014124 33.1457436 -96.694293
269015478 33.146836 -96.6949367
269015479 33.1477917 -96.6956234
269015480 33.148417 -96.6960954
269015481 33.1491212 -96.6968679
269015482 33.1497823 -96.6977176
269015483 33.1505009 -96.6987476
269015484 33.1509896 -96.6997604
269015485 33.1513848 -96.7007046
269015486 33.1517297 -96.701889
761890146 33.1518769 -96.7026082
269015487 33.1519912 -96.7031948
1098594464 33.152063 -96.7037245
269015488 33.1521151 -96.7042891
1098594406 33.1521488 -96.7054149
1098594409 33.1521803 -96.7083924
1098594562 33.152182 -96.7102647
1363196874 33.1522078 -96.7156039
1098594514 33.1522088 -96.7158014
1098594442 33.1522362 -96.7205793
1098594441 33.1522456 -96.7207415
1098594500 33.1522539 -96.7224191
1098594473 33.1522575 -96.7230842
1098594475 33.1522634 -96.7241991
1415958198 33.1522734 -96.7289599
1415958194 33.1522736 -96.7290994
1098594477 33.1522818 -96.7330014
1363196871 33.1522685 -96.7332692
1363196875 33.1522688 -96.73586
1363196872 33.152161 -96.7366003
26454230 33.1591944 -96.6631081
26454229 33.1591984 -96.663321
26454231 33.1592164 -96.6676984
26454167 33.150199 -96.6632972
1097303218 33.1503301 -96.6632995
1097303226 33.151295 -96.6632961
26454162 33.153792 -96.6632328
26454225 33.1552823 -96.6632566
26454227 33.1589289 -96.6631279
26454230 33.1591944 -96.6631081
26454227 33.1589289 -96.6631279
26454233 33.1590727 -96.6612396
26454231 33.1592164 -96.6676984
26454244 33.160851 -96.6677842
26454247 33.162306 -96.6676769
26454246 33.162306 -96.6686854
26454245 33.1608331 -96.668664
26454261 33.1594157 -96.6686812
26454231 33.1592164 -96.6676984
26454232 33.1590367 -96.6676984
26454238 33.1590547 -96.6736851
1084396710 33.1590532 -96.6736092
26454241 33.1589769 -96.6696977
26454363 33.1589649 -96.6693077
26454232 33.1590367 -96.6676984
1086388636 33.0707869 -96.8345262
1086388630 33.0709928 -96.8345148
26457088 33.0711892 -96.8346331
1086388365 33.0714954 -96.8348272
26457089 33.0717655 -96.8351113
26457083 33.0720508 -96.8354372
1086388245 33.0727502 -96.8363159
26457079 33.0732427 -96.8366474
1086388533 33.0737891 -96.8368349
26457072 33.0743483 -96.8368483
1086388380 33.0747517 -96.8367877
26457066 33.0750311 -96.8366623
1086388618 33.0755897 -96.8362655
26457061 33.0757867 -96.8360587
26457056 33.0767033 -96.8349028
26457049 33.0774955 -96.8339689
1086388499 33.0779379 -96.8336683
150349087 33.078274 -96.833521
150349085 33.078452 -96.833419
26457211 33.0653979 -96.8328905
26457209 33.065393 -96.8326712
521788773 33.0654324 -96.8250912
150092635 33.065436 -96.824281
1136361849 33.0654221 -96.8187379
847129756 33.0654353 -96.8185034
521788904 33.0654351 -96.8183277
521788909 33.0654207 -96.8179844
521788915 33.065392 -96.8176582
521788924 33.065356 -96.8173664
521788934 33.0653129 -96.8170832
521788940 33.0652553 -96.8167742
521788945 33.0651906 -96.8164909
521788952 33.065133 -96.816242
521788956 33.0650611 -96.8159845
521788962 33.0649748 -96.8157185
521788968 33.0648813 -96.8154696
521788976 33.064759 -96.8151863
521788996 33.0646367 -96.8149202
521788998 33.0645072 -96.814637
521789000 33.0643778 -96.8143881
521789001 33.0642267 -96.8141392
521789003 33.0641044 -96.8139504
521789006 33.0639606 -96.8137358
521789008 33.0638095 -96.8135384
521789011 33.0636369 -96.8133238
521789013 33.0634498 -96.8131006
521789015 33.0632268 -96.8128689
521789017 33.063047 -96.8126972
521789020 33.0628168 -96.8124998
521789025 33.0624716 -96.8122337
521789030 33.0614213 -96.8114269
521789035 33.0598748 -96.8102768
521789040 33.0595151 -96.8100021
521789043 33.0591986 -96.8097618
521789047 33.0589899 -96.8095902
521789051 33.0587741 -96.8093927
521789056 33.0585943 -96.8092125
521789060 33.0584217 -96.8090323
521789063 33.0582634 -96.808852
521789072 33.0580979 -96.8086374
521789080 33.0579253 -96.8083885
521015180 33.0575971 -96.8078816
521789085 33.0574002 -96.8075216
521789088 33.0572491 -96.8071955
521789094 33.0571052 -96.8068522
521789115 33.0569613 -96.8064745
521789124 33.0568606 -96.8061569
521789133 33.0567743 -96.8058222
521789146 33.0567096 -96.8055218
521789157 33.056652 -96.8051956
521789167 33.056616 -96.8049553
521789176 33.0565873 -96.8047493
1098807174 33.1616059 -96.6446646
26470702 33.1619812 -96.645781
26470694 33.162392 -96.6463544
1098807158 33.1637012 -96.6428553
26470739 33.1635619 -96.6422405
26470738 33.1634003 -96.6410174
26470735 33.1642984 -96.6373482
26470711 33.1642445 -96.6375413
26470737 33.1636877 -96.6388502
26470734 33.1640649 -96.6374769
26470736 33.1640828 -96.6372838
26470737 33.1636877 -96.6388502
26470738 33.1634003 -96.6410174
26471265 33.172866 -96.6378846
26471266 33.172866 -96.6385927
26471267 33.1731937 -96.6391149
26471261 33.1724529 -96.6371121
26471262 33.1723272 -96.6369619
26491342 33.1645603 -96.6773434
26496881 33.1645682 -96.679297
26496860 33.1717528 -96.6757779
26496857 33.1716091 -96.6759067
26496910 33.1712858 -96.6763144
26496909 33.170747 -96.6769152
26496911 33.1711781 -96.6761642
26496858 33.1715373 -96.675735
26496859 33.171663 -96.6756063
26497007 33.1739979 -96.6983943
26497006 33.1739979 -96.6980939
26497013 33.1739523 -96.6955374
1079142820 33.1738718 -96.6918037
1079142841 33.1738207 -96.6862141
150232032 33.173806 -96.684606
1097313509 33.1695738 -96.6981218
26497004 33.1722916 -96.6981368
26497010 33.1729741 -96.6981153
26497006 33.1739979 -96.6980939
26497065 33.1669687 -96.7054414
26497069 33.1669891 -96.706043
26497070 33.1670246 -96.7082899
26497023 33.169625 -96.7042918
1097380628 33.1692745 -96.704695
26497063 33.1687892 -96.7050676
1097380594 33.1684312 -96.7052582
26497064 33.1679139 -96.7054087
26497065 33.1669687 -96.7054414
1097380493 33.1664254 -96.7054527
1098539572 33.1662604 -96.7054365
1097380618 33.1660976 -96.7054205
1097380487 33.1657383 -96.7053025
1098539440 33.165317 -96.7051127
1097380605 33.1651905 -96.7050557
1097380621 33.1648492 -96.7049913
1097380675 33.1644361 -96.7049538
1097380632 33.1641217 -96.7049592
1098539584 33.1641177 -96.7045341
1098539577 33.1641085 -96.7035523
1098539522 33.164103 -96.7029569
566247105 33.1641022 -96.7028735
26497006 33.1739979 -96.6980939
150227996 33.1741855 -96.6980904
1097313547 33.1748983 -96.6980606
26497090 33.1751832 -96.6981153
26497089 33.1758298 -96.6982441
26497135 33.1769254 -96.6985874
1097313563 33.1775535 -96.6987019
26497131 33.1780029 -96.6986944
1097319451 33.1781298 -96.6986819
26497132 33.1782185 -96.6986732
26497140 33.1741416 -96.7092519
26497139 33.1741416 -96.7067842
1079142817 33.1741005 -96.7044263
26497015 33.1740518 -96.7016344
26497007 33.1739979 -96.6983943
26497141 33.1743212 -96.7092519
26497154 33.1743391 -96.712256
26497151 33.1743576 -96.7155084
26497149 33.1743623 -96.7156943
26497148 33.174393 -96.7190366
26497146 33.1745367 -96.7200451
1079860029 33.1747347 -96.7208428
1079860100 33.1751558 -96.7220007
523606728 33.1752134 -96.7221326
1079913689 33.1650337 -96.7157623
1079913500 33.1655227 -96.715554
1079913554 33.1669332 -96.7155495
1079913657 33.1688995 -96.7155433
1079913813 33.1693041 -96.7155427
26497168 33.1720941 -96.715539
26497150 33.1741775 -96.7155175
26497151 33.1743576 -96.7155084
26497158 33.1770331 -96.716526
26497157 33.1765334 -96.7161417
26497156 33.1760388 -96.7158912
1079859997 33.1755694 -96.7157316
26497155 33.1750741 -96.7156681
26497149 33.1743623 -96.7156943
1079715246 33.1790376 -96.7196787
1079715167 33.1788756 -96.7196049
26497160 33.1780588 -96.7180122
1079860071 33.1777883 -96.7174753
26497159 33.1773715 -96.7168946
26497158 33.1770331 -96.716526
26497162 33.177351 -96.7166408
26497177 33.1776476 -96.7162023
26497178 33.1779311 -96.7158823
150099792 33.1831493 -96.7230878
26497841 33.1835707 -96.7237913
1079860083 33.1837516 -96.7239209
26497842 33.1839497 -96.7239327
1079860082 33.1841148 -96.723857
26497843 33.184255 -96.7236538
1079859966 33.184617 -96.7222585
26497844 33.1847723 -96.7219221
26497845 33.1854877 -96.7211781
1079715059 33.1958801 -96.7088314
1079715226 33.1958283 -96.7090399
1079715235 33.1955637 -96.7100185
26498593 33.1955022 -96.7104329
26498566 33.1955404 -96.7107175
26498568 33.1957105 -96.711218
1079714958 33.1958952 -96.7115972
1079715228 33.1960115 -96.7118954
26498570 33.1960799 -96.7122104
1079715249 33.1960806 -96.712642
26498571 33.1959868 -96.7129885
1079715048 33.1957792 -96.7133385
1079715241 33.1954784 -96.713655
1079715110 33.1953662 -96.7138213
1079715282 33.1953303 -96.7140198
1079714965 33.1952944 -96.7142666
1079715105 33.1952769 -96.7146627
150185895 33.1952558 -96.7148261
26498761 33.2005939 -96.7136331
26498758 33.1995884 -96.7145557
26498759 33.1992832 -96.7143841
26498760 33.1999296 -96.7131395
26498761 33.2005939 -96.7136331
524478736 33.2007442 -96.7134846
524478738 33.2008304 -96.7133816
150305800 33.2009453 -96.7131927
26498828 33.1968757 -96.6976295
1079142542 33.197356 -96.6979192
26498826 33.1976792 -96.6980425
1079142551 33.1980249 -96.6981659
26498814 33.1982718 -96.698182
1079142393 33.1984693 -96.6981847
1079142284 33.198595 -96.6981864
26498815 33.1986713 -96.6981874
1079142562 33.199174 -96.6982142
26498821 33.1996678 -96.6983805
26498822 33.2000912 -96.6986127
1363677334 33.2004476 -96.6989242
1363677297 33.2007034 -96.6991817
150173899 33.2009631 -96.6995763
150083033 33.198836 -96.692488
26498868 33.2003425 -96.6924758
26498872 33.2032332 -96.6921754
26499231 33.188848 -96.6865916
26499243 33.1888659 -96.6872997
26499244 33.1888121 -96.688201
26499244 33.1888121 -96.688201
26499245 33.1891353 -96.6883941
26499246 33.1889557 -96.6890378
26499249 33.1887582 -96.6890593
26499247 33.1885966 -96.688437
26499244 33.1888121 -96.688201
26497132 33.1782185 -96.6986732
1097313511 33.1789009 -96.6985
26499322 33.1795676 -96.6982047
1097313512 33.1800848 -96.6978624
1079164647 33.1807316 -96.697312
1079164604 33.1808901 -96.6971968
26499319 33.1814672 -96.6968055
26499316 33.1826705 -96.6963334
1097313549 33.1830355 -96.6961487
26499307 33.1834317 -96.69591
1097313551 33.1837099 -96.6956961
1079142593 33.1851029 -96.6945252
26499302 33.185105 -96.6945235
26499300 33.1858413 -96.694046
1079143344 33.1865596 -96.6937725
1079143345 33.1870759 -96.6936437
26499297 33.1875787 -96.6936276
150092250 33.188688 -96.693661
26499696 33.1845022 -96.6830511
26499730 33.1841251 -96.6834159
26499731 33.1834247 -96.6834588
26499732 33.1823652 -96.6835017
26499733 33.1816468 -96.6834588
26499734 33.180713 -96.6820855
26499736 33.1812517 -96.6819353
26499738 33.1823472 -96.6822143
26499740 33.1834068 -96.6829438
26499731 33.1834247 -96.6834588
26546039 30.472807 -97.7989177
26546012 30.4714208 -97.798367
26546010 30.469413 -97.797558
26546203 30.4677777 -97.7965302
1332583222 30.4689199 -97.7969931
1332583222 30.4689199 -97.7969931
26546004 30.4695355 -97.7972587
26546038 30.4753047 -97.7996202
26546046 30.4780252 -97.8012184
26546048 30.4795396 -97.8022165
26546049 30.4806306 -97.8027315
26546082 30.4819251 -97.8034396
26546051 30.4833674 -97.8042765
26546073 30.4849207 -97.8046198
1233688938 30.4856491 -97.8046726
26546075 30.4863516 -97.8046368
26579540 33.6644052 -96.6109276
26579539 33.667502 -96.6104784
26579518 33.6696598 -96.6100625
26579549 33.6706629 -96.618525
26579530 33.6707701 -96.6162505
26579531 33.6707344 -96.6130962
26579526 33.6705379 -96.6112294
26579523 33.6702343 -96.6092339
26579522 33.6697462 -96.6068486
534480662 33.6685765 -96.6015808
595483239 33.6679811 -96.5989045
224721812 33.6621445 -96.6121201
224721827 33.6624091 -96.6107921
26579537 33.6660495 -96.6110745
26579573 33.6594354 -96.6121439
26579587 33.6562861 -96.612431
26579590 33.6545536 -96.6122379
224781874 33.6548452 -96.6149763
595478462 33.6550506 -96.6138498
595478527 33.655131 -96.6134957
224711665 33.6565632 -96.6038139
595483762 33.656456 -96.6034491
595478509 33.6562185 -96.6011485
26579592 33.6560866 -96.599913
595483763 33.656024 -96.5992639
26579611 33.6374109 -96.5920381
595478487 33.6373439 -96.5919764
26579612 33.6374199 -96.5919415
595478479 33.6382501 -96.5921801
595478482 33.6391349 -96.5924458
595478491 33.6399947 -96.5926915
595478486 33.6409664 -96.5929693
595478484 33.6419296 -96.5932447
595478453 33.6428929 -96.5935201
602315057 33.6439919 -96.5938384
595478499 33.6448513 -96.5940873
595478496 33.6457946 -96.5943732
595478494 33.6467984 -96.5946559
26579608 33.6477987 -96.594967
26579614 33.6487454 -96.5952353
26579606 33.649701 -96.5955035
26579604 33.6506745 -96.5957932
26579602 33.6516391 -96.5960828
595478500 33.6525857 -96.5963403
595478506 33.6534878 -96.5965871
26579598 33.6535592 -96.5966729
595478507 33.6534699 -96.5966944
26579599 33.6525679 -96.5964476
26579601 33.6516212 -96.5961794
26579603 33.6506567 -96.5959112
26579605 33.6496832 -96.5956215
604123900 33.6496434 -96.5956103
26579613 33.6487275 -96.5953533
26579607 33.6477808 -96.595085
595478493 33.6467716 -96.5947846
595478495 33.6457703 -96.5944893
595478498 33.6448245 -96.5942053
602315056 33.643965 -96.5939674
595478452 33.642861 -96.5936618
595478483 33.6419064 -96.5933774
595478485 33.6409413 -96.5930898
595478492 33.6399762 -96.5928023
595478481 33.6391015 -96.5925417
595478478 33.6382268 -96.5922811
26579611 33.6374109 -96.5920381
27286520 32.763474 -97.3943291
27286503 32.763456 -97.3912392
27286500 32.7600637 -97.3917112
27286519 32.7617238 -97.3914537
27286503 32.763456 -97.3912392
27286504 32.764268 -97.3911748
27286500 32.7600637 -97.3917112
27286506 32.7601178 -97.3896942
34630509 32.7601383 -97.4024286
27286523 32.7600817 -97.3999081
27286524 32.7600276 -97.3962388
27286529 32.7600276 -97.3952518
27286522 32.7600095 -97.3941789
27286523 32.7600817 -97.3999081
27286526 32.763456 -97.3999081
27286534 32.7643438 -97.399885
27286526 32.763456 -97.3999081
27286527 32.7634019 -97.3960671
27286528 32.7634921 -97.3955951
27286525 32.763456 -97.3951874
27286525 32.763456 -97.3951874
27286520 32.763474 -97.3943291
28110289 30.47019 -97.7927823
28110288 30.4697977 -97.7941296
28110301 30.4693259 -97.7956437
314079582 30.4690623 -97.7961936
28110303 30.4687807 -97.79656
314079583 30.4684414 -97.7968075
28110305 30.4680974 -97.7969647
314079584 30.4676653 -97.7970299
28110306 30.467193 -97.7969467
28110309 30.4662493 -97.7965739
28110310 30.4650679 -97.7960621
28110312 30.4621477 -97.7948281
26546191 30.4606671 -97.7940738
26546198 30.4649942 -97.7957578
26546195 30.4622199 -97.7950068
26546196 30.4623516 -97.7939534
26546197 30.4650917 -97.7954463
28110266 30.4714957 -97.7879608
1332607804 30.4705536 -97.7909177
1332607853 30.4698654 -97.7931281
28110235 30.4692329 -97.7953876
28110243 30.4689065 -97.7965712
28110243 30.4689065 -97.7965712
1332570433 30.4686048 -97.7980051
1332570427 30.4684712 -97.7985357
1332570466 30.4682816 -97.7990826
1332570409 30.4681279 -97.7995158
28110284 30.4679721 -97.8000251
1332570399 30.4678079 -97.8005868
1332570422 30.4676338 -97.8012871
1332583222 30.4689199 -97.7969931
1332583218 30.4698781 -97.7972182
26546038 30.4753047 -97.7996202
26546028 30.4772372 -97.8002102
26546029 30.4757513 -97.8006601
1374991478 30.4752035 -97.8002729
1374991476 30.4747407 -97.7999691
1374991474 30.4738685 -97.7994824
26546039 30.472807 -97.7989177
28110288 30.4697977 -97.7941296
1332607907 30.4695977 -97.7950145
28110299 30.4695382 -97.7955588
314079595 30.469627 -97.7960823
28110287 30.4697379 -97.7964039
314079596 30.46988 -97.7966957
28110294 30.470101 -97.7969974
1332570383 30.4705393 -97.7974252
28110322 30.4709693 -97.7976699
28110323 30.4722701 -97.7981932
28110324 30.4741759 -97.7989697
28110325 30.47547 -97.7995436
28110326 30.4770971 -97.8005294
28110326 30.4770971 -97.8005294
26546046 30.4780252 -97.8012184
28110266 30.4714957 -97.7879608
1329101005 30.4707811 -97.7907565
28110289 30.47019 -97.7927823
28110331 30.469951 -97.7980368
314079597 30.469576 -97.7978734
28110333 30.469272 -97.7976524
314079590 30.4689712 -97.7972874
28110332 30.4687685 -97.796917
314079591 30.4686464 -97.7965758
28110347 30.4685833 -97.7961324
314079592 30.4685981 -97.7957987
28110334 30.4686395 -97.7955067
28110335 30.4690512 -97.7940752
29570559 30.4607834 -97.7936879
28110444 30.4622675 -97.7941052
28110341 30.4650449 -97.7951915
28110340 30.4663149 -97.7956743
314079559 30.4668316 -97.7957996
320887965 30.4671842 -97.7958529
28110338 30.4674859 -97.7957979
314079560 30.4678528 -97.7956759
28110337 30.4681767 -97.7954892
28110336 30.4685586 -97.7950949
1332607862 30.4687951 -97.794702
28110335 30.4690512 -97.7940752
28110335 30.4690512 -97.7940752
28110339 30.4696077 -97.7922604
1329101021 30.4701144 -97.7907133
1332607859 30.4703893 -97.7899802
28110265 30.4711635 -97.7878406
28110282 30.4662273 -97.803008
1332549604 30.4665988 -97.8018487
320892904 30.4676737 -97.7983747
320892263 30.4677148 -97.7982272
1072077277 30.4677537 -97.7980673
26546206 30.4679626 -97.7973254
26546209 30.4682336 -97.7962928
1072077283 30.4685092 -97.7954264
315158645 30.4690376 -97.7937774
1329100973 30.4695432 -97.7921083
320890578 30.4698338 -97.7911488
1329101025 30.4699784 -97.7906941
1329101066 30.4700547 -97.7904617
320887966 30.4701946 -97.7900307
320889567 30.4702598 -97.7898249
860812078 30.4703789 -97.7894529
320889156 30.4706849 -97.7885098
320889565 30.4708547 -97.7879932
345008962 30.4716758 -97.7853313
345009164 30.4717175 -97.7851959
860812072 30.4724459 -97.7828344
315158646 30.4728226 -97.7815535
315160018 30.4730649 -97.7806314
315158648 30.473289 -97.7794244
315158649 30.4734645 -97.7783249
315160043 30.4735179 -97.7779045
315158651 30.4736076 -97.7770445
315158652 30.473653 -97.7764978
26546006 30.4711721 -97.798579
320728098 30.4709526 -97.7984951
1332549533 30.4698586 -97.7980731
26546009 30.4688175 -97.7976688
26546206 30.4679626 -97.7973254
320892279 30.4669176 -97.7969083
320892281 30.466222 -97.7966239
320892902 30.4659626 -97.7965178
320677077 30.4654014 -97.7962961
320675830 30.4652059 -97.7962092
1069146429 30.4645301 -97.7959371
1069146444 30.464115 -97.7957699
345002104 30.4639416 -97.7957001
345001949 30.4637051 -97.7956049
1069146466 30.4631174 -97.7953682
26546195 30.4622199 -97.7950068
1069146304 30.4615692 -97.7947358
314079531 30.4615284 -97.7947188
320753302 30.4611901 -97.7945996
314078069 30.4610944 -97.7945476
314079515 30.4607507 -97.7944037
347325953 30.4601792 -97.7941783
347326220 30.4591956 -97.7937905
314078070 30.457688 -97.7931961
314078071 30.456939 -97.792898
314078076 30.4565484 -97.7927892
314078075 30.4554151 -97.7925105
314078102 30.4529741 -97.7919745
314078077 30.4499322 -97.7912758
314079242 30.4491608 -97.7910891
314078143 30.4486842 -97.7909663
343790123 30.4485535 -97.7909301
314078144 30.4482526 -97.7908467
28110327 30.476992 -97.8011568
28110328 30.4750503 -97.8000839
28110329 30.4732628 -97.7993453
28110330 30.471261 -97.7985443
28110331 30.469951 -97.7980368
26546045 30.4786491 -97.8019791
28110327 30.476992 -97.8011568
26546029 30.4757513 -97.8006601
26546030 30.475166 -97.8003819
320883569 30.475043 -97.800323
1332570457 30.4742966 -97.7999657
314079606 30.4728915 -97.7992931
26546026 30.4727697 -97.7992422
320725806 30.4720336 -97.7989263
26546006 30.4711721 -97.798579
26546005 30.4713386 -97.7975919
320673533 30.4731265 -97.7982705
314079605 30.4732392 -97.798306
320886363 30.474658 -97.7988654
26546025 30.4751845 -97.799073
320886109 30.4762126 -97.7996426
26546028 30.4772372 -97.8002102
26546043 30.4800204 -97.8018303
320667003 30.4800933 -97.8018758
26546044 30.4802608 -97.8019805
26546057 30.4804855 -97.8021243
26546082 30.4819251 -97.8034396
1233688754 30.4832155 -97.803909
1233688926 30.4838239 -97.8041139
1233688764 30.484749 -97.804238
26546058 30.4856685 -97.8042944
26546057 30.4804855 -97.8021243
1233688887 30.4819757 -97.803177
26546057 30.4804855 -97.8021243
1233688876 30.4825513 -97.8033441
1233688863 30.4834204 -97.80376
1233688816 30.4843951 -97.8040394
26546058 30.4856685 -97.8042944
26546065 30.4868068 -97.8042121
26546067 30.4869588 -97.8042326
314080817 30.485953 -97.8071291
1073300404 30.486017 -97.806674
26546069 30.4864555 -97.8054137
26546065 30.4868068 -97.8042121
26546074 30.4861772 -97.8050686
26546072 30.485244 -97.8050669
1233688881 30.484513 -97.8049396
1233688929 30.4837494 -97.8047471
1233688767 30.4830541 -97.8044615
26546053 30.4817477 -97.8037952
26546050 30.4805567 -97.8030534
26546047 30.4793547 -97.8024311
26546045 30.4786491 -97.8019791
1332583219 30.4772021 -97.8010964
1374991477 30.4749417 -97.7998302
1374991475 30.4741835 -97.7994618
26546039 30.472807 -97.7989177
26546068 30.4865964 -97.805417
26546069 30.4864555 -97.8054137
26560441 30.4854963 -97.8054248
1233688946 30.4848607 -97.805461
26546077 30.4839963 -97.8055706
26546078 30.4834875 -97.8056495
1233688904 30.4829734 -97.8056349
1233688812 30.4823464 -97.8054424
26546076 30.481708 -97.8051014
26560441 30.4854963 -97.8054248
1233688889 30.4844944 -97.8052996
1233688807 30.4839171 -97.8051258
1233688757 30.4833273 -97.8048216
26546053 30.4817477 -97.8037952
1073333985 30.486514 -97.8073698
314080817 30.485953 -97.8071291
26546091 30.4929832 -97.8027235
1233688898 30.492174 -97.8028288
1233688758 30.4913607 -97.8030957
1233688814 30.4904915 -97.8034682
1233688909 30.4893058 -97.8041325
26546096 30.4886348 -97.8044841
26546075 30.4863516 -97.8046368
314080889 30.4870315 -97.8045658
1233688776 30.4873336 -97.8045021
26546095 30.4877468 -97.804415
314080890 30.4883626 -97.8041952
26546067 30.4869588 -97.8042326
26546088 30.4878423 -97.804019
26546089 30.4889755 -97.803565
1233688891 30.4901315 -97.8029716
1233688843 30.4916587 -97.8024377
1233688922 30.492472 -97.8022638
26546090 30.4932692 -97.8022526
26546114 30.5002299 -97.8062938
1203857282 30.4993492 -97.8052738
26546112 30.4983138 -97.804314
456426211 30.4980317 -97.8040903
26546106 30.4971255 -97.8035731
26546113 30.500423 -97.8059911
456423695 30.5010678 -97.8067695
26546115 30.5014571 -97.8071675
26546144 30.5071296 -97.810464
26546145 30.5053146 -97.81007
314075105 30.5034284 -97.809568
153002588 30.4771422 -97.8351565
153002586 30.4773049 -97.8349419
153002583 30.4774529 -97.8347702
153002580 30.4775786 -97.8346415
324035229 30.4776452 -97.8345986
313976498 30.4777118 -97.8345556
324035107 30.4780129 -97.8343527
703006623 30.47908 -97.8337934
703006622 30.4795009 -97.8335728
324030754 30.4806141 -97.8329924
316731128 30.4814298 -97.8325613
153002577 30.4815653 -97.8324902
324028642 30.4822535 -97.8321266
324030358 30.4822648 -97.8321223
703006615 30.4835352 -97.8316219
324199500 30.4840702 -97.8314046
324199499 30.4842632 -97.831321
324027683 30.48507 -97.8309713
153002574 30.4858036 -97.8306534
324027356 30.4869123 -97.8302005
1069387953 30.4873767 -97.8300161
1069387959 30.4880129 -97.8297631
313974198 30.4882003 -97.829689
313974187 30.4888142 -97.8294573
1069049273 30.4893952 -97.8292289
703006631 30.4903173 -97.8288665
324026237 30.4906711 -97.8287025
153002569 30.4911514 -97.8285132
324025809 30.4918984 -97.8282234
153002563 30.4927304 -97.827864
153002560 30.4933914 -97.8274563
324025652 30.4936157 -97.8272447
153002558 30.49396 -97.8268609
324025206 30.4941727 -97.8264765
153002556 30.494465 -97.825879
324025046 30.4947724 -97.8252496
323846227 30.4948146 -97.8251633
324024890 30.4952511 -97.8242698
153002554 30.495356 -97.824055
324024381 30.4956473 -97.8234229
324024209 30.4960062 -97.8226442
324024349 30.4962934 -97.8220209
153002547 30.496404 -97.821781
1214330347 30.4966216 -97.82134
153002543 30.496664 -97.821254
153002537 30.496858 -97.820994
324024114 30.4969929 -97.8208385
153002534 30.497199 -97.820601
323844041 30.4975714 -97.820274
153002532 30.4978081 -97.8201195
323843608 30.4982148 -97.819862
153002530 30.4984515 -97.8197161
153002528 30.4988597 -97.8194381
153002526 30.4994587 -97.8188716
323842495 30.4995228 -97.8188005
152817754 30.499651 -97.8186313
323840547 30.4998562 -97.8183609
323841904 30.5006368 -97.8169794
28110892 30.5009552 -97.8164158
323840426 30.5016748 -97.8151705
1203858720 30.5022676 -97.8141451
456422239 30.5031834 -97.8125612
456422244 30.5034388 -97.8120436
152556312 30.258957 -97.675739
339526303 30.2586004 -97.6759625
152556309 30.2567716 -97.6771091
29570712 30.2559783 -97.6775726
29570713 30.2548735 -97.6781592
29570714 30.2542878 -97.6786141
655448951 30.2537114 -97.6791595
152586500 30.2219823 -97.6838761
152370315 30.2219155 -97.6839877
152586497 30.2211368 -97.685421
152586493 30.2207066 -97.6861678
152586490 30.220324 -97.686874
152373496 30.2202097 -97.6871462
29589864 30.5595587 -97.6931334
29589866 30.5594511 -97.6932213
1372602819 30.5584248 -97.6932918
29589867 30.5583103 -97.6934077
29589868 30.5582835 -97.6935893
29589674 30.5581583 -97.6941819
29589869 30.5580046 -97.6933857
1372602800 30.557892 -97.693303
29589870 30.5574383 -97.6932508
29589865 30.5572682 -97.6931575
353138749 30.7068159 -97.650257
1317484819 30.7057362 -97.6507328
29591541 30.4815083 -97.5870421
29591664 30.4794354 -97.5885181
29591665 30.4779652 -97.5894617
29593013 30.4755602 -97.5968327
29593151 30.474756 -97.595088
29593152 30.4745054 -97.5942382
29593153 30.4744282 -97.5937063
1329160985 30.4744265 -97.5929333
29593154 30.4745292 -97.5920959
1329160975 30.4747654 -97.5913608
29593155 30.4750137 -97.590827
1329160906 30.4753147 -97.5903421
29593156 30.4757865 -97.5897729
29593157 30.476286 -97.5893504
29593158 30.4780858 -97.5882145
344153148 30.1951534 -97.6234501
938913291 30.1963297 -97.6229202
301288271 30.1974345 -97.6225224
301294677 30.1987623 -97.6222871
938913324 30.199886 -97.622191
342266921 30.2050502 -97.6221743
349309665 30.2085892 -97.6222093
29593013 30.4755602 -97.5968327
1329161003 30.4750937 -97.5960069
29593401 30.4745296 -97.5952685
339510349 30.4738632 -97.5947124
29593402 30.4731234 -97.5942632
29593469 30.4722226 -97.5939665
29593470 30.4713159 -97.5938844
339510351 30.4705128 -97.5939781
29593471 30.4687709 -97.5944965
29596142 30.4730478 -97.7024104
340123539 30.4739637 -97.7022771
340123537 30.4744841 -97.7021019
340123536 30.4750373 -97.7017793
340123535 30.4755618 -97.7013512
1329126200 30.4759358 -97.7008877
340123533 30.4762673 -97.7003496
1329126217 30.4765338 -97.6996734
340123532 30.4766816 -97.6989677
340123616 30.4771032 -97.6968047
29592849 30.4775715 -97.6945056
29593347 30.4652361 -97.5941463
339500576 30.4661905 -97.5940089
29604447 30.4674777 -97.5936742
350586447 30.4684057 -97.5933272
306616277 32.9170444 -96.7436273
29604739 32.9179228 -96.7446878
29604740 32.918456 -96.7454002
29604741 32.9188985 -96.7461443
29604781 32.9242444 -96.7578084
289114215 32.9243092 -96.7581861
474813011 32.9244864 -96.7590388
28110271 30.4673923 -97.8022808
320678068 30.4668146 -97.8042217
29618945 30.4667528 -97.8043791
1072051132 30.466551 -97.804962
29618946 30.4664169 -97.8051819
29618947 30.4657541 -97.8059069
29618948 30.465251 -97.8065678
29618949 30.4648885 -97.8074175
29618949 30.4648885 -97.8074175
320892893 30.4654849 -97.8054295
29618950 30.4656283 -97.804937
320892326 30.4656654 -97.8048156
315157563 30.4659006 -97.8040481
320677104 30.4659443 -97.8038821
320892330 30.4661864 -97.8031378
28110282 30.4662273 -97.803008
29666184 32.7772478 -97.3998678
29666461 32.7772406 -97.4008806
29666462 32.7772189 -97.401902
29666463 32.7771901 -97.4028547
29666464 32.7771756 -97.4038675
29666465 32.7771684 -97.4047344
29666466 32.777154 -97.4056614
29666462 32.7772189 -97.401902
29667488 32.7790736 -97.401593
29667489 32.7799612 -97.4014385
29667490 32.7808127 -97.4013098
29666870 32.7790736 -97.3998592
29667491 32.7790519 -97.4008978
29667488 32.7790736 -97.401593
29667486 32.7790663 -97.4025801
29667496 32.7790663 -97.4036529
29667493 32.7790519 -97.4048202
29667494 32.7790663 -97.40567
29667489 32.7799612 -97.4014385
29666871 32.7799539 -97.3998764
29666464 32.7771756 -97.4038675
29667496 32.7790663 -97.4036529
29667511 32.7807982 -97.4033354
29666872 32.7807838 -97.3998678
29667490 32.7808127 -97.4013098
29667485 32.780791 -97.4022539
29667511 32.7807982 -97.4033354
29667535 32.7807982 -97.4039791
29667536 32.7807838 -97.4048031
29666465 32.7771684 -97.4047344
29667493 32.7790519 -97.4048202
29667536 32.7807838 -97.4048031
29666461 32.7772406 -97.4008806
29667491 32.7790519 -97.4008978
29666874 32.7824291 -97.3998678
29667537 32.7831507 -97.3990782
29667538 32.7836342 -97.3985804
29667539 32.7839661 -97.3984259
29667540 32.7842764 -97.3983229
29667541 32.7847887 -97.3983143
29667542 32.7875524 -97.3983057
29667543 32.78888 -97.3983143
29667544 32.789313 -97.3983143
29667545 32.7910086 -97.3983057
29667546 32.7926465 -97.3983057
29667547 32.7934113 -97.3982714
29667548 32.7958428 -97.3982285
29667549 32.795987 -97.3982285
29667550 32.7974372 -97.3981512
29774478 33.4009754 -96.5801848
29774479 33.4042399 -96.5806515
29774480 33.4052609 -96.5808768
29774481 33.4077687 -96.5815742
692302791 33.4094882 -96.5822823
692302793 33.4115302 -96.5832264
29774524 33.4128825 -96.5839667
692302795 33.415999 -96.585694
692302797 33.4189363 -96.5873033
692302271 33.4214168 -96.5886445
30199442 30.5326773 -96.69811
30199443 30.5291878 -96.7019724
30199444 30.5290325 -96.7017836
30199445 30.527894 -96.7029594
1542584863 31.8136452 -93.8838353
1543057652 31.8142252 -93.8816899
1542584859 31.8083933 -93.876446
297813346 31.8016271 -93.8771906
297813265 31.7788653 -93.8722124
30455682 31.7741146 -93.863141
297814140 31.7744874 -93.8490382
297814141 31.7705471 -93.8423434
297813189 31.7720065 -93.8346186
30455683 31.7613524 -93.8416567
297812590 31.7327409 -93.8251772
297813190 31.7328869 -93.832902
297812591 31.7358068 -93.8423434
297812616 31.7358068 -93.8462916
297812617 31.7327465 -93.8500744
297813191 31.7363908 -93.8553896
297812593 31.7301128 -93.8533297
297812890 31.7270467 -93.8517847
297812891 31.7287988 -93.8485232
297812868 31.7328869 -93.8442316
297812869 31.7270467 -93.831872
297812870 31.7296748 -93.8289538
297812618 31.7271927 -93.8224306
297812871 31.7220823 -93.8241473
297812909 31.719746 -93.8277521
297813347 31.7159494 -93.8303271
297812874 31.7121526 -93.8342753
297812596 31.7083557 -93.8344469
297812894 31.7045586 -93.8337603
297812895 31.7019298 -93.8296404
30455684 31.6991548 -93.8287821
297812896 31.6953574 -93.8299837
297812878 31.6917058 -93.8282671
297812897 31.687762 -93.8265505
297812880 31.6851327 -93.8234606
297812881 31.6823572 -93.8260355
297812882 31.6822112 -93.8275805
297812911 31.6810425 -93.8304987
297812912 31.6787052 -93.8279238
297812913 31.6746147 -93.8255206
30455711 31.6664332 -93.8277521
297812883 31.6507988 -93.8205424
297812624 31.6388154 -93.8205424
297812408 31.6361847 -93.8243189
297812409 31.6443689 -93.8330737
297812410 31.6448073 -93.8502398
297812411 31.6380847 -93.8395968
297812603 31.6342847 -93.8346186
297812413 31.6297538 -93.8347903
297812414 31.6271229 -93.8341036
297812415 31.624638 -93.8330737
30455712 31.6102312 -93.839795
30455713 31.581573 -93.8318986
297815503 31.5478672 -93.8117876
30455714 31.5376915 -93.8013429
297815504 31.5254821 -93.7853518
297815505 31.5231408 -93.7704172
297817223 31.5147997 -93.7704172
30455715 31.5101819 -93.7608308
297815507 31.5089458 -93.7820902
297815123 31.5178728 -93.7906733
297815142 31.5291401 -93.8002863
297816912 31.5326517 -93.8083544
297815710 31.5329444 -93.8133326
297815652 31.5327981 -93.8196841
297815145 31.5354317 -93.8275805
30455716 31.5291401 -93.831357
297815711 31.5248968 -93.8291254
297815654 31.5265094 -93.824567
297815146 31.5247504 -93.8200274
297815655 31.5222629 -93.8159075
297815562 31.5260674 -93.8107577
297815147 31.5240188 -93.8056078
297815515 31.5213849 -93.800458
297815516 31.5174338 -93.8018313
297815517 31.5131899 -93.8047495
297816915 31.5074823 -93.8085261
297815519 31.5101651 -93.8014273
30455717 31.5069621 -93.7979096
297815520 31.5007498 -93.8057795
297815521 31.503677 -93.7954798
297815522 31.5001643 -93.788785
297815523 31.4982617 -93.7813347
297815564 31.4967979 -93.7838068
297815565 31.4943095 -93.7839785
297815657 31.4906501 -93.7893
297815567 31.4910768 -93.7843396
297815568 31.4887472 -93.7856951
297815569 31.4850875 -93.7850085
297815570 31.4897718 -93.7807169
297815571 31.4928458 -93.7807169
297815572 31.4941632 -93.779172
297815528 31.4950414 -93.7743655
297815658 31.4935836 -93.7663693
297815530 31.4963588 -93.7597742
30455718 31.4914472 -93.754651
30455719 31.4700735 -93.7512177
297815713 31.4601981 -93.7496462
297815660 31.4571231 -93.7551394
297816916 31.4566838 -93.7596026
297818366 31.4590267 -93.7630358
297815663 31.4607838 -93.7738505
297815664 31.4572695 -93.7711039
297815716 31.4489225 -93.7721339
297815666 31.4570275 -93.7684487
297815717 31.4498012 -93.7580576
30455720 31.4462865 -93.7544527
297815668 31.4411606 -93.755311
297815574 31.437792 -93.7487879
297817639 31.435595 -93.7460413
297815670 31.4325192 -93.7513628
297815671 31.430786 -93.7427408
297815719 31.4285644 -93.73557
30455721 31.4235029 -93.7364549
297815720 31.4263672 -93.7489596
297815721 31.417285 -93.7601176
297815758 31.4196289 -93.7656107
297815759 31.416406 -93.7697306
30455722 31.417871 -93.7947932
297816921 31.4093739 -93.7971964
297816923 31.4048321 -93.7966814
297816924 31.4058577 -93.8016596
297816925 31.4011692 -93.8044062
297815760 31.3945756 -93.8049212
297816927 31.3961874 -93.7961665
297815762 31.4023413 -93.788785
297815763 31.4087879 -93.7906733
297815764 31.41289 -93.7874117
297815765 31.4082019 -93.7733355
297815725 31.4115715 -93.768014
297815766 31.4095541 -93.766309
297815767 31.4055647 -93.7661257
297815768 31.4020483 -93.7702456
297815769 31.3961874 -93.7723055
297815726 31.4026344 -93.7604609
297815675 31.4060042 -93.7614909
297815676 31.4089344 -93.7604609
297817226 31.4109855 -93.7539378
297817227 31.4140621 -93.7529078
297818033 31.4174315 -93.7542811
297815680 31.4188964 -93.7506762
297817229 31.4191894 -93.7458697
30455723 31.4068021 -93.7210053
297817641 31.4086414 -93.7113657
30455724 31.3991832 -93.6894196
297816934 31.3728866 -93.6888781
30455725 31.3610795 -93.6722535
297816936 31.348847 -93.6727419
297817231 31.3459149 -93.680295
30455726 31.3343977 -93.6914796
30455727 31.3053616 -93.6942262
297816939 31.2999917 -93.7044818
297817642 31.3161492 -93.7141123
297816942 31.3082296 -93.714284
297817233 31.2973758 -93.7094775
297818367 31.2969358 -93.7158289
30455728 31.2980279 -93.7306184
297817235 31.2948822 -93.7391749
297817236 31.2978159 -93.7460413
297816948 31.3033896 -93.7441531
297817644 31.308083 -93.7470713
297816952 31.300902 -93.7489897
297816953 31.2988426 -93.7517062
297816955 31.2945888 -93.7506762
297816956 31.2959574 -93.7577789
297816957 31.2998694 -93.7614909
297818035 31.2979625 -93.7681857
30455729 31.2936274 -93.7886399
297817646 31.2904815 -93.7844935
297817240 31.2898948 -93.7748804
297816963 31.2897481 -93.7635508
297816964 31.2802125 -93.7494746
297818242 31.2813862 -93.7314501
297817242 31.2778651 -93.7134257
297817243 31.2818263 -93.701581
297817244 31.277425 -93.6967745
297817648 31.2778704 -93.6917935
30455730 31.2709694 -93.680295
30455731 31.2581223 -93.6763734
30455732 31.2408051 -93.7742204
30455733 31.2337599 -93.7158555
30455734 31.213502 -93.7388581
30455735 31.2156387 -93.7115374
30455736 31.2408051 -93.6801499
30455737 31.2405115 -93.6650437
30455738 31.2267141 -93.6499375
30455739 31.2129147 -93.6379212
30455740 31.198526 -93.6626405
30455741 31.1835476 -93.6626405
30455742 31.1938271 -93.6396378
30455743 31.2041055 -93.6087388
30455744 31.1753232 -93.6087388
30455745 31.1670981 -93.613202
30455746 31.157697 -93.6042756
30455614 31.1665105 -93.5795564
30455615 31.1756169 -93.5658234
1542584863 31.8136452 -93.8838353
81929106 32.9319379 -96.7560577
30759128 32.9306371 -96.7578484
30759129 32.9295132 -96.7593161
30759130 32.928692 -96.7603289
30759131 32.9279788 -96.7611014
30759132 32.9267515 -96.7622888
30955649 27.217773 -97.7924771
487047444 27.2177789 -97.7949611
226155327 27.2177816 -97.796077
487047444 27.2177789 -97.7949611
30955678 27.2164678 -97.7949318
487047443 27.2164535 -97.7960524
30955678 27.2164678 -97.7949318
30955679 27.2164907 -97.793756
30956755 26.7915644 -97.4999459
30956756 26.791687 -97.5002378
30956757 26.791687 -97.5003923
30956758 26.791641 -97.5006412
30956759 26.7915797 -97.5009073
30956760 26.7915338 -97.5011819
30956761 26.7915031 -97.5013107
30956762 26.7913882 -97.5016282
30956763 26.7912886 -97.5020402
30956764 26.7911583 -97.5026582
30956765 26.7910817 -97.5030359
30956766 26.7909745 -97.5033878
30956767 26.7906067 -97.5045551
30956768 26.7903538 -97.5049842
30956769 26.7899401 -97.5054734
30956770 26.7898328 -97.5055764
30956771 26.7886453 -97.5060056
30956772 26.7861781 -97.5069068
30956773 26.7858946 -97.5070613
30956774 26.7853506 -97.5073703
30956775 26.7825003 -97.5089238
30956776 26.7822704 -97.5090698
30956777 26.78001 -97.5105718
30956778 26.7786307 -97.5114644
30956779 26.778171 -97.5117992
30956780 26.7777955 -97.5120738
30956781 26.7774967 -97.5122627
30956782 26.7771365 -97.512606
30956783 26.7768147 -97.5129235
30956784 26.7765541 -97.5132325
31166993 33.1428431 -95.9094559
31166994 33.1290436 -95.9214722
31430950 35.1475615 -101.8883522
31469533 35.1475545 -101.8906096
31432232 35.1475767 -101.8930729
31433500 35.1475825 -101.8936651
31430951 35.1475896 -101.8964461
31430950 35.1475615 -101.8883522
31469429 35.1484177 -101.8877343
31430993 35.1492809 -101.8871077
31430994 35.150902 -101.8874596
31431004 35.1524811 -101.887451
31430995 35.153826 -101.8873467
31431005 35.1549723 -101.8872364
31430996 35.1562611 -101.8872437
31430997 35.1588154 -101.8872266
31430998 35.1593511 -101.8872364
31430999 35.159889 -101.8873897
31532153 35.1614749 -101.887424
31433312 35.146623 -101.893068
31432232 35.1475767 -101.8930729
31469426 35.1484528 -101.8930729
31471062 35.1493441 -101.8930472
31471083 35.1501862 -101.89303
31432137 35.1504248 -101.89303
31432138 35.1506775 -101.8928583
31432139 35.1509231 -101.8927811
31470286 35.1510284 -101.8927897
31432140 35.1527267 -101.8927811
31532465 35.1535313 -101.8927112
31432141 35.1541793 -101.892618
31469887 35.1544951 -101.8926266
31432142 35.1562892 -101.892591
31432143 35.1588389 -101.8925837
31432144 35.1615194 -101.8925408
31433486 35.1501582 -101.8960598
31433494 35.1501511 -101.8964289
31433487 35.150102 -101.8966606
31433491 35.1499897 -101.8968581
31433492 35.1498634 -101.8969954
31433493 35.1496458 -101.8970812
31433474 35.1484037 -101.8970726
31433475 35.148151 -101.8970555
31433476 35.1479054 -101.896961
31433495 35.1477931 -101.8968409
31433497 35.1476597 -101.8966692
31430951 35.1475896 -101.8964461
31469423 35.1484107 -101.8980425
31433474 35.1484037 -101.8970726
31470032 35.1483966 -101.8954075
31469425 35.1484107 -101.8936823
31469426 35.1484528 -101.8930729
31469427 35.1484317 -101.890601
31469429 35.1484177 -101.8877343
31469538 35.1615194 -101.8904036
31469539 35.1588318 -101.8904379
31469527 35.1562751 -101.8904281
31469528 35.1535969 -101.8905581
31532466 35.1535664 -101.8905654
31469529 35.1523056 -101.8906697
31469530 35.1510284 -101.8906697
31469531 35.1501652 -101.8906267
31469532 35.14933 -101.8905924
31469427 35.1484317 -101.890601
31469533 35.1475545 -101.8906096
31469697 35.1615404 -101.8946951
31469698 35.1588459 -101.8947123
31469699 35.1562962 -101.8947539
31469700 35.1559758 -101.8947123
31469701 35.1555618 -101.8946608
31469702 35.1550916 -101.894532
31469703 35.1547127 -101.894369
31469704 35.1543127 -101.8941801
31469705 35.1539548 -101.8940171
31469706 35.1535618 -101.8938797
31532462 35.1535383 -101.8938699
31469707 35.1533021 -101.8938282
31469708 35.1529302 -101.8937939
31469709 35.1524109 -101.8937939
31469710 35.1519968 -101.8938626
31469711 35.1515407 -101.8939656
31470285 35.1510284 -101.8939913
31469713 35.1506915 -101.8939827
31469714 35.1504038 -101.8938711
31469979 35.1501511 -101.8937338
31469715 35.150116 -101.8937166
31469716 35.1499336 -101.8936737
31469717 35.1495897 -101.8936652
31469940 35.1492669 -101.8936737
31469425 35.1484107 -101.8936823
31433500 35.1475825 -101.8936651
31469887 35.1544951 -101.8926266
31469888 35.1545232 -101.8928154
31469889 35.1545934 -101.8929871
31469890 35.1546916 -101.8931244
31469891 35.1548319 -101.8932789
31469892 35.1551688 -101.8934334
31469893 35.1555337 -101.8935879
31469894 35.1558565 -101.8936308
31469895 35.1562962 -101.8936467
31469763 35.1588459 -101.8936222
31469764 35.1615334 -101.8936051
31469939 35.1492809 -101.8945149
31469940 35.1492669 -101.8936737
31469978 35.1501652 -101.8949612
31469979 35.1501511 -101.8937338
31470226 35.1515477 -101.8961199
31470221 35.1516038 -101.8962057
31470222 35.1518354 -101.8962057
31470223 35.1518705 -101.8961371
31470224 35.1518424 -101.8960341
31470225 35.1515968 -101.8960341
31470226 35.1515477 -101.8961199
31470258 35.1510494 -101.8961113
31470228 35.151054 -101.8961873
31470229 35.1505301 -101.8961371
31433486 35.1501582 -101.8960598
31470230 35.1500038 -101.8959997
31470231 35.1497371 -101.8959053
31470005 35.1493792 -101.8957251
31470232 35.1492599 -101.8960083
31470005 35.1493792 -101.8957251
31470006 35.1491406 -101.895562
31470007 35.1488879 -101.895459
31470008 35.1486002 -101.8954075
31470032 35.1483966 -101.8954075
31470284 35.1510821 -101.8993888
31470643 35.1510564 -101.8985575
31470638 35.1510564 -101.8980854
31533073 35.151054 -101.8975434
31470228 35.151054 -101.8961873
31470258 35.1510494 -101.8961113
31532916 35.151047 -101.8950887
31470285 35.1510284 -101.8939913
31470286 35.1510284 -101.8927897
31532828 35.151047 -101.8917069
31469530 35.1510284 -101.8906697
31470287 35.150895 -101.8903521
31470288 35.1508319 -101.8901032
31470289 35.1508459 -101.8895624
31470290 35.1508365 -101.888514
31470291 35.1508249 -101.8879574
31430994 35.150902 -101.8874596
31470292 35.1509091 -101.8871334
31470293 35.1509161 -101.88564
31470294 35.1508926 -101.883862
31470606 35.1498353 -101.8982485
31470607 35.1498213 -101.8984288
31470608 35.1497651 -101.8985918
31470609 35.1495897 -101.8986519
31470610 35.1494634 -101.8986262
31470611 35.1493511 -101.8985575
31470841 35.1491827 -101.8985575
31470612 35.1485861 -101.8985489
31470874 35.1484598 -101.8985489
31470613 35.1483475 -101.8985403
31470614 35.1482493 -101.8985489
31470615 35.1480668 -101.8986347
31470616 35.1478773 -101.8987635
31470617 35.1477299 -101.8987377
31470618 35.1475615 -101.8993128
31470619 35.1474983 -101.8993729
31431034 35.1466727 -101.8993815
31470617 35.1477299 -101.8987377
31470632 35.1475896 -101.8986262
31470633 35.1475194 -101.8984803
31470634 35.1475194 -101.8983086
31470635 35.1475966 -101.8981713
31470620 35.1477299 -101.8980597
31470621 35.1480247 -101.8980339
31470622 35.1482773 -101.8980425
31469423 35.1484107 -101.8980425
31470623 35.1489511 -101.8980597
31470624 35.1496108 -101.8980511
31470627 35.1497792 -101.8981455
31470626 35.1498774 -101.8980425
31470627 35.1497792 -101.8981455
31470606 35.1498353 -101.8982485
31470637 35.1510635 -101.8980854
31470638 35.1510564 -101.8980854
31470639 35.1505862 -101.8980854
31470640 35.1505441 -101.8981713
31470641 35.1505512 -101.8985232
31470642 35.1505792 -101.8985575
31470643 35.1510564 -101.8985575
31470839 35.1491897 -101.8992098
31470836 35.14933 -101.899227
31470837 35.14933 -101.8994158
31470838 35.1491827 -101.8993986
31470839 35.1491897 -101.8992098
31470841 35.1491827 -101.8985575
31470873 35.1484598 -101.8991926
31470870 35.1483124 -101.8991926
31470871 35.1483194 -101.8993986
31470872 35.1484458 -101.8993986
31470873 35.1484598 -101.8991926
31470874 35.1484598 -101.8985489
31471062 35.1493441 -101.8930472
31469532 35.14933 -101.8905924
31430993 35.1492809 -101.8871077
31471063 35.149309 -101.8858975
31471064 35.1492739 -101.8855799
31471065 35.1491897 -101.8852967
31471066 35.149149 -101.885113
31469531 35.1501652 -101.8906267
31471083 35.1501862 -101.89303
31532196 35.1617415 -101.8888402
31532194 35.1615871 -101.8887458
31532195 35.1615099 -101.8886342
31531991 35.1614889 -101.8883939
31532153 35.1614749 -101.887424
31532648 35.1614678 -101.8863082
31532584 35.1614819 -101.8852782
31531992 35.161498 -101.883879
31532287 35.1588505 -101.8977151
31533033 35.1588435 -101.8957581
31532837 35.1588364 -101.8914838
31532754 35.1588294 -101.8893809
31532743 35.1588154 -101.8882995
31430997 35.1588154 -101.8872266
31532289 35.1588154 -101.8861365
31532290 35.1588084 -101.8850551
31532291 35.1588196 -101.8838804
31532377 35.1565302 -101.9017761
31532378 35.1565207 -101.8982215
31532379 35.1564225 -101.8976979
31532380 35.1563243 -101.8971915
31532381 35.1563032 -101.8969169
31532905 35.1563032 -101.8957667
31469699 35.1562962 -101.8947539
31469895 35.1562962 -101.8936467
31432142 35.1562892 -101.892591
31532836 35.1562892 -101.8915181
31469527 35.1562751 -101.8904281
31532753 35.1562541 -101.8893723
31532742 35.1562681 -101.8882909
31430996 35.1562611 -101.8872437
31532382 35.1562681 -101.8861279
31532383 35.1562471 -101.8850551
31532384 35.156226 -101.8838706
31532458 35.1530962 -101.8958354
31532459 35.1531664 -101.8954835
31532460 35.1533488 -101.8949256
31532461 35.1534471 -101.8944278
31532462 35.1535383 -101.8938699
31532463 35.1535524 -101.8936553
31532464 35.1535664 -101.8931918
31532465 35.1535313 -101.8927112
31532832 35.1535524 -101.8916383
31532466 35.1535664 -101.8905654
31532751 35.1535734 -101.8894582
31532467 35.1535734 -101.8889604
31532468 35.1536997 -101.8884025
31430995 35.153826 -101.8873467
31532469 35.1538471 -101.8867545
31532470 35.1538962 -101.8838534
31532584 35.1614819 -101.8852782
31532511 35.1601486 -101.8852611
31532512 35.1594259 -101.8850722
31532290 35.1588084 -101.8850551
31532383 35.1562471 -101.8850551
31532382 35.1562681 -101.8861279
31532289 35.1588154 -101.8861365
31532645 35.1593697 -101.8861537
31532646 35.1599311 -101.8862824
31532648 35.1614678 -101.8863082
32069412 35.1632782 -101.8863253
32069413 35.1633624 -101.8863511
32069414 35.163468 -101.886387
31532738 35.150254 -101.888454
31470290 35.1508365 -101.888514
31532739 35.1518962 -101.8885055
31532740 35.1525558 -101.8884969
31532468 35.1536997 -101.8884025
31532741 35.1548857 -101.8883424
31532742 35.1562681 -101.8882909
31532743 35.1588154 -101.8882995
31532744 35.1593136 -101.8882909
31532745 35.1600855 -101.8884025
31531991 35.1614889 -101.8883939
31532748 35.15024 -101.8895354
31470289 35.1508459 -101.8895624
31532749 35.1514751 -101.8895612
31532750 35.1524506 -101.8895698
31532751 35.1535734 -101.8894582
31532752 35.1549348 -101.8893638
31532753 35.1562541 -101.8893723
31532754 35.1588294 -101.8893809
31532755 35.1594329 -101.8893809
31532756 35.1600855 -101.8894067
31532757 35.1613696 -101.8894496
31532758 35.1615731 -101.8894925
31532828 35.151047 -101.8917069
31532829 35.15144 -101.8917069
31532830 35.1520786 -101.8917069
31532831 35.1528085 -101.8916898
31532832 35.1535524 -101.8916383
31532836 35.1562892 -101.8915181
31532837 35.1588364 -101.8914838
31532838 35.1601978 -101.8914666
31532839 35.161517 -101.8914838
31532905 35.1563032 -101.8957667
31532906 35.1560646 -101.8957667
31532907 35.1555523 -101.8957238
31533102 35.1554681 -101.8957152
31532908 35.1549348 -101.8955951
31532909 35.1544646 -101.8953891
31532910 35.1539173 -101.895123
31532460 35.1533488 -101.8949256
31532911 35.1530962 -101.8948741
31532912 35.1528436 -101.8948398
31532913 35.1523804 -101.8948741
31532914 35.1518681 -101.8949857
31532915 35.1514891 -101.8950629
31532916 35.151047 -101.8950887
31532919 35.1535453 -101.8960671
31532923 35.1535313 -101.8961444
31532924 35.1535664 -101.8962216
31532925 35.1536366 -101.8962302
31532926 35.1536787 -101.8961959
31532927 35.1536576 -101.8961015
31532919 35.1535453 -101.8960671
31532920 35.1533769 -101.895947
31532458 35.1530962 -101.8958354
31532921 35.1527874 -101.8958783
31532922 35.1525839 -101.8960328
31533033 35.1588435 -101.8957581
31533034 35.1601697 -101.895741
31533037 35.1615591 -101.8957496
31533068 35.1615731 -101.8977237
31532287 35.1588505 -101.8977151
31533077 35.1583102 -101.8977151
31533095 35.157419 -101.8977065
31532379 35.1564225 -101.8976979
31533097 35.1556225 -101.8976893
31533101 35.1554541 -101.8976893
31533177 35.1547383 -101.8976808
31533069 35.1546752 -101.8976893
31533070 35.1542822 -101.8975692
31534660 35.1539243 -101.8975692
31533263 35.152998 -101.8975778
31533071 35.1529769 -101.8975606
31534953 35.1529278 -101.8975434
31535122 35.15224 -101.8975692
31533072 35.1520857 -101.8975606
31533073 35.151054 -101.8975434
31533076 35.1583172 -101.9006162
31533077 35.1583102 -101.8977151
31533084 35.1518751 -101.9003587
31533197 35.1528716 -101.9004273
31533085 35.1533488 -101.9004531
31533086 35.1536225 -101.9004703
31533186 35.1538541 -101.9005217
31533087 35.1541488 -101.9006076
31533178 35.1547524 -101.9006076
31533076 35.1583172 -101.9006162
31533093 35.1574424 -101.9018019
31533095 35.157419 -101.8977065
31533096 35.1556436 -101.9017577
31533097 35.1556225 -101.8976893
31533101 35.1554541 -101.8976893
31533102 35.1554681 -101.8957152
31533174 35.154591 -101.8968739
31533166 35.1546681 -101.8966508
31533167 35.154619 -101.8964877
31533168 35.1544857 -101.8964448
31533169 35.1543804 -101.8964362
31533170 35.1543313 -101.8964791
31533171 35.1543102 -101.8965821
31533172 35.1543664 -101.8966937
31533173 35.1544576 -101.8967452
31533174 35.154591 -101.8968739
31533177 35.1547383 -101.8976808
31533178 35.1547524 -101.9006076
31533179 35.1547688 -101.9017676
31533178 35.1547524 -101.9006076
31533182 35.1538471 -101.8986163
31533183 35.1539032 -101.8987622
31533184 35.1539032 -101.8994574
31533258 35.1539102 -101.8995004
31533185 35.1539032 -101.9002213
31533186 35.1538541 -101.9005217
31533187 35.153812 -101.9009166
31533188 35.153812 -101.9015689
227904357 35.1538199 -101.9020214
31533189 35.1538194 -101.9021546
31533262 35.1505066 -101.8993802
31533193 35.1504763 -101.8998983
227904363 35.150489 -101.9019794
31533195 35.1504904 -101.9020706
31533196 35.1528646 -101.901732
31533197 35.1528716 -101.9004273
31533199 35.1519242 -101.898582
31533200 35.1520927 -101.8985391
31533265 35.152998 -101.8985391
31533201 35.1531874 -101.8985391
31533202 35.1537559 -101.8985391
31533182 35.1538471 -101.8986163
31533203 35.1519172 -101.9017234
31533204 35.1519172 -101.9009509
31533205 35.1519102 -101.9006762
31533084 35.1518751 -101.9003587
31533206 35.15184 -101.8999295
31533256 35.1518541 -101.8994145
31533207 35.1518471 -101.8991055
31533208 35.1518471 -101.8987708
31533199 35.1519242 -101.898582
31533248 35.1502119 -101.8993802
31533249 35.1500505 -101.8993802
31533250 35.1500154 -101.8993373
31533251 35.1500224 -101.8992171
31533252 35.1501207 -101.8992171
31533248 35.1502119 -101.8993802
31533262 35.1505066 -101.8993802
31470284 35.1510821 -101.8993888
31533255 35.1517067 -101.899406
31533256 35.1518541 -101.8994145
31533257 35.152226 -101.8994832
31533258 35.1539102 -101.8995004
31533263 35.152998 -101.8975778
31533265 35.152998 -101.8985391
31534659 35.1539313 -101.8973374
31534654 35.153819 -101.8973117
31534655 35.1537278 -101.8972173
31534656 35.1537418 -101.89714
31534657 35.1537909 -101.8971057
31534658 35.1538892 -101.8971658
31534659 35.1539313 -101.8973374
31534660 35.1539243 -101.8975692
31534953 35.1529278 -101.8975434
31534889 35.1529278 -101.8972773
31534896 35.1529348 -101.8969083
31534891 35.1529418 -101.8967194
31534892 35.1530401 -101.8966765
31534893 35.1531032 -101.8967709
31534894 35.1530611 -101.8968482
31534895 35.1529699 -101.8968997
31534896 35.1529348 -101.8969083
31535122 35.15224 -101.8975692
31535123 35.1522471 -101.8973632
31535129 35.152233 -101.8971314
31535125 35.1521699 -101.8970456
31535126 35.1521558 -101.8968997
31535127 35.1523032 -101.8968997
31535128 35.1523102 -101.8970542
31535129 35.152233 -101.8971314
31745703 35.1546021 -101.8823012
31745712 35.1546162 -101.882284
31745704 35.1550302 -101.882181
31745705 35.1552898 -101.882078
31745726 35.1555144 -101.8819149
31745706 35.1556407 -101.8818291
31745707 35.1563074 -101.8812884
31745708 35.1546653 -101.8838461
31745709 35.1546653 -101.8833225
31745710 35.1546653 -101.8829449
31745711 35.1546653 -101.8825587
31745712 35.1546162 -101.882284
31745713 35.1545249 -101.8820523
31745714 35.1543846 -101.8817347
31745715 35.1541951 -101.8814772
31745716 35.1540056 -101.8811854
31745717 35.153895 -101.880961
31745733 35.1556758 -101.8838547
31745722 35.1556758 -101.8834084
31745723 35.1556688 -101.8828505
31745724 35.1556477 -101.8823956
31745725 35.1555635 -101.8820523
31745726 35.1555144 -101.8819149
31745727 35.155346 -101.881563
31745728 35.1551144 -101.8811682
31745729 35.1548969 -101.8808077
31745730 35.154653 -101.880318
31745734 35.1566302 -101.8838719
31745735 35.1566372 -101.883374
31745736 35.1566653 -101.8827217
31745737 35.1566653 -101.8822325
31745738 35.1566302 -101.8819922
31745739 35.156574 -101.8818119
31745740 35.1564477 -101.8815544
31745707 35.1563074 -101.8812884
31745741 35.1561109 -101.8809708
31745742 35.1558372 -101.880533
31745744 35.1553618 -101.8797218
31532291 35.1588196 -101.8838804
31745745 35.1588125 -101.8835715
31745746 35.1587354 -101.8832796
31745747 35.1585529 -101.8829191
32069365 35.1584435 -101.882729
32069354 35.1571734 -101.8805661
31745748 35.156231 -101.878966
31745750 35.1604335 -101.8838633
31745751 35.1604405 -101.8819493
31745752 35.1604195 -101.8814085
32069366 35.1603451 -101.8810811
31745753 35.1601879 -101.8803356
31745754 35.1599423 -101.8794001
31745755 35.1597879 -101.8788593
32069355 35.1596224 -101.8784461
31745756 35.1595493 -101.8782929
31550428 35.15872 -101.876831
32069365 35.1584435 -101.882729
32069366 35.1603451 -101.8810811
32069367 35.1608995 -101.8805404
31917635 35.1610749 -101.8803515
31917636 35.1612924 -101.8800254
31917637 35.1616082 -101.8794932
32069371 35.1618959 -101.8790212
32069372 35.1621344 -101.8786092
31917640 35.1623309 -101.8783002
31917641 35.1627309 -101.8778367
31917642 35.1630958 -101.8775191
31431229 35.1637928 -101.8768853
32069401 35.1470678 -101.8867287
32068946 35.1468994 -101.8869347
32068947 35.1467169 -101.8871064
32068948 35.1466608 -101.8872437
32068949 35.1466467 -101.8879647
32068950 35.1466678 -101.8893037
32068951 35.1466467 -101.8895869
32068952 35.146613 -101.889841
31550423 35.1643179 -101.8719127
32068994 35.1641904 -101.8719659
32068995 35.1640921 -101.8719401
32068996 35.164043 -101.8718972
32068997 35.1640009 -101.871717
32068998 35.1639799 -101.8714681
32068999 35.164015 -101.8713651
32069000 35.1641309 -101.8711862
32069391 35.1633047 -101.8718151
32069002 35.1634606 -101.871777
32069003 35.1635799 -101.87182
32069004 35.163615 -101.8720002
32069005 35.1636501 -101.8722405
32069006 35.1636571 -101.8724122
32069007 35.1635954 -101.872532
32069008 35.163555 -101.872595
32069359 35.1625555 -101.8756652
32069395 35.1617134 -101.874206
32069373 35.1622467 -101.8784289
32069358 35.1612714 -101.8767638
32069396 35.160436 -101.875349
32069354 35.1571734 -101.8805661
32069355 35.1596224 -101.8784461
32069356 35.159889 -101.8781543
32069357 35.1601416 -101.8777165
32069358 35.1612714 -101.8767638
32069359 35.1625555 -101.8756652
32069360 35.1627098 -101.8755193
32069361 35.1629975 -101.8752618
32069362 35.1632361 -101.8751502
32069363 35.1634676 -101.8750901
32069364 35.1638115 -101.8750901
32069365 35.1584435 -101.882729
32069366 35.1603451 -101.8810811
32069367 35.1608995 -101.8805404
31917635 35.1610749 -101.8803515
31917636 35.1612924 -101.8800254
31917637 35.1616082 -101.8794932
32069371 35.1618959 -101.8790212
32069372 35.1621344 -101.8786092
32069373 35.1622467 -101.8784289
31917640 35.1623309 -101.8783002
31917641 35.1627309 -101.8778367
31917642 35.1630958 -101.8775191
31431229 35.1637928 -101.8768853
33218518 32.9512949 -96.8230827
33218519 32.9487884 -96.8232887
33218554 32.9517775 -96.8227051
33218555 32.9514605 -96.8220442
33218556 32.9514389 -96.8219583
82039072 32.973126 -97.01493
33447370 32.9729596 -97.0148993
33447391 32.9711162 -97.0149078
33447392 32.9698489 -97.0149164
33447393 32.9693989 -97.014967
33447394 32.9690209 -97.0149992
33447395 32.9685815 -97.0150023
33447396 32.9681783 -97.0150108
33447397 32.9676238 -97.015028
33447398 32.9673933 -97.0150366
33447399 32.9670316 -97.0150528
33447400 32.9663348 -97.0150795
33447401 32.9655374 -97.015085
33447402 32.963872 -97.0150795
33829542 29.5733632 -98.3062599
33829543 29.5734603 -98.3064144
33829544 29.5738708 -98.3067405
33829545 29.574483 -98.3072555
33829546 29.5751399 -98.3077876
33829547 29.5756997 -98.308234
33829222 29.575737 -98.308234
33829548 29.5757221 -98.308234
